/*--------------------------------*- C++ -*----------------------------------*\
  =========                 |
  \\      /  F ield         | OpenFOAM: The Open Source CFD Toolbox
   \\    /   O peration     | Website:  https://openfoam.org
    \\  /    A nd           | Version:  9
     \\/     M anipulation  |
\*---------------------------------------------------------------------------*/
FoamFile
{
    format      ascii;
    class       volScalarField;
    location    "0";
    object      p;
}
// * * * * * * * * * * * * * * * * * * * * * * * * * * * * * * * * * * * * * //

dimensions      [0 2 -2 0 0 0 0];

internalField   nonuniform List<scalar> 
1580
(
-0.3152267409
-0.3166079087
-0.3183894414
-0.3201385718
-0.321784062
-0.323382302
-0.3251003854
-0.3271313935
-0.329413938
-0.3314288022
-0.331153291
-0.3084531336
-0.3122995155
-0.3134255554
-0.3148904037
-0.3163158055
-0.3175992886
-0.318677546
-0.3194482346
-0.3195654899
-0.3178909499
-0.3126522806
-0.3094886843
-0.2590665581
-0.3225904697
-0.3231916863
-0.3239501855
-0.3246249434
-0.3251072443
-0.3252640379
-0.3248717113
-0.3236439313
-0.321327487
-0.3049422896
-0.3127673107
-0.2440379577
-0.3404769716
-0.3404947814
-0.3403961289
-0.3400265536
-0.339236079
-0.3378641362
-0.3356639122
-0.3320504341
-0.3253475125
-0.3094444771
-0.2981922734
-0.2565088965
-0.3665613759
-0.3657918693
-0.3645111238
-0.3626731546
-0.3600962467
-0.3565891883
-0.3517945485
-0.344595743
-0.3323219878
-0.3129417146
-0.2846927573
-0.2524289372
-0.400372565
-0.3986292525
-0.395890618
-0.3922511125
-0.3874597289
-0.3811536747
-0.372528821
-0.3595597544
-0.3395366167
-0.3109464277
-0.2762453241
-0.2391035173
-0.4344403602
-0.4317448782
-0.4276444025
-0.4224115409
-0.4156616769
-0.4066274623
-0.3936150623
-0.3736245146
-0.3445172391
-0.3072356702
-0.2652275451
-0.2226881919
-0.4641157699
-0.4606191092
-0.4554009256
-0.4488664344
-0.4403726745
-0.4284886803
-0.4104297813
-0.3829748311
-0.3452351307
-0.3001217202
-0.2529508624
-0.2078262482
-0.4868969788
-0.4828189608
-0.4767946162
-0.4693032695
-0.4593250098
-0.4446680678
-0.421713874
-0.3874308245
-0.3421294238
-0.2914636764
-0.2414293775
-0.1949421923
-0.5037852112
-0.499255216
-0.4926217501
-0.4843483973
-0.473003143
-0.4557052893
-0.4283246839
-0.3881209082
-0.3373383489
-0.2831146265
-0.2311145662
-0.1837942155
-0.5170224719
-0.5122951169
-0.5053193687
-0.4964373373
-0.4837743804
-0.4637988241
-0.4320789276
-0.386567214
-0.3313551827
-0.2743542193
-0.2210020511
-0.1732262273
-0.5277776135
-0.5228602787
-0.5155520862
-0.5060007981
-0.4917994554
-0.4687591639
-0.432320092
-0.381537466
-0.3223755732
-0.2631765795
-0.2088269115
-0.1609408301
-0.5345069673
-0.5295448154
-0.5220511375
-0.511898466
-0.4960769876
-0.4697699904
-0.4284936625
-0.3727646856
-0.3102669751
-0.2494579079
-0.1946244469
-0.1472413163
-0.5371978943
-0.5321806578
-0.5244781969
-0.5135812606
-0.4958708238
-0.4660651659
-0.4201354478
-0.3602656778
-0.2952059994
-0.2333364558
-0.1785598561
-0.1324477429
-0.5343231168
-0.529499241
-0.5217760107
-0.5100780139
-0.4902004206
-0.4566317665
-0.4062129943
-0.3427980983
-0.2754862938
-0.2128995382
-0.1587742774
-0.1148324845
-0.5182687795
-0.51384768
-0.5062867464
-0.4937550795
-0.4713955421
-0.4336897642
-0.3787771049
-0.3122815502
-0.2434807725
-0.1816833599
-0.1297260212
-0.08946929179
-0.4757381225
-0.4720513041
-0.4649513189
-0.4516604223
-0.4267862349
-0.3851933214
-0.3267237443
-0.259035801
-0.1917777781
-0.1343972994
-0.08723332293
-0.05230373711
-0.3817211864
-0.3792762712
-0.3733061622
-0.3601177527
-0.3341527547
-0.2911731904
-0.2327656465
-0.1698573798
-0.1109697807
-0.06259329943
-0.02513010257
0.001710199223
-0.1997060423
-0.1991745956
-0.195505494
-0.18452029
-0.1612940455
-0.1239735628
-0.07721748209
-0.02922594905
0.01191643888
0.04253933902
0.0632045485
0.07655546707
0.04969964051
0.04808072829
0.04855902081
0.05499867848
0.07033666395
0.09409127483
0.1211934402
0.1450744371
0.1603202127
0.1656640428
0.1634676951
0.1550859401
0.2911196742
0.2873723442
0.2842886858
0.2849760443
0.2904303648
0.2987201554
0.3053557317
0.3054164156
0.2961075531
0.2779484676
0.2533957669
0.2230519563
0.4806870538
0.475426352
0.4694233066
0.4648936928
0.4614125308
0.4564065974
0.4460647257
0.4270539867
0.39839669
0.3617756601
0.3200342415
0.2749559867
0.5859088173
0.5796959461
0.5718930515
0.5641929625
0.555401938
0.5426495384
0.5224937457
0.4925380431
0.4527734963
0.4055036223
0.353834758
0.300475541
-0.2871880168
-0.2674936908
-0.2471264492
-0.2291266819
-0.2187021316
-0.2501169913
-0.2403370834
-0.2017457139
-0.1815472444
-0.0940007824
-0.04740926854
-0.1216878448
-0.1469056596
-0.1112020961
-0.1052247437
-0.05586838225
-0.01503067649
-0.00959771731
-0.0005868602459
-0.2295531515
-0.2074882935
-0.1960729197
-0.1973842194
-0.2152001056
-0.2736012732
-0.2819417018
-0.2113060666
-0.166280819
-0.08554680341
-0.04493071532
-0.123006492
-0.1446474575
-0.09131572372
-0.08413312753
-0.05238249208
-0.01510710883
-0.009351460111
-0.0001804018993
-0.2050832426
-0.1842415043
-0.17273753
-0.1803727618
-0.2063527309
-0.264962345
-0.2881414333
-0.2125187004
-0.1531045763
-0.07755761133
-0.03252592155
-0.1070869643
-0.1204662019
-0.06931916627
-0.06219531086
-0.046241306
-0.01345569566
-0.008864668411
1.772272005e-05
-0.223028545
-0.1933842439
-0.173939197
-0.1749487941
-0.1941333256
-0.2363769081
-0.2612119399
-0.2020666437
-0.1395617458
-0.07061418838
-0.01456596013
-0.07276946267
-0.0759660884
-0.04980279164
-0.04567251336
-0.03766725704
-0.009521718057
-0.008125593604
-9.213385226e-05
-0.2137981577
-0.1913979757
-0.1729250889
-0.1706451653
-0.185853887
-0.2181822649
-0.2306846202
-0.1801796131
-0.1208912837
-0.05915231118
-0.001849996619
-0.03186974777
-0.02091157573
-0.02744063249
-0.04573613027
-0.02877756689
-0.003042710784
-0.007146331369
-0.0004866919718
-0.1868249467
-0.174591018
-0.163197753
-0.1595669344
-0.1644095754
-0.1785261087
-0.1822434101
-0.1446051325
-0.09612417014
-0.04271889035
0.007593247341
-0.0004058857894
0.009902718966
-0.006493933256
-0.04055276412
-0.01746992862
-0.01854975293
-0.006429832534
-0.0009390265181
-0.157154016
-0.1521839018
-0.1457871432
-0.1418559035
-0.143161299
-0.1459089391
-0.1433388114
-0.1162026395
-0.07818399233
-0.02892433758
0.0166644692
0.02498313945
0.02811884137
0.009656055236
-0.02835015988
-0.003276165282
-0.005812075666
-0.004582395151
-0.00142707091
-0.1254699756
-0.1249702654
-0.1227820067
-0.120360382
-0.1185773721
-0.1160939578
-0.109424152
-0.08747960319
-0.05815940768
-0.01908001228
0.01497694987
0.02078792207
0.02941712728
0.01828421738
-0.009404174395
0.01115040318
0.002488350529
-0.002413959569
-0.001841021425
-0.09534576452
-0.09735423327
-0.09794960543
-0.09689387413
-0.09479579512
-0.09072034793
-0.08327456478
-0.06769282868
-0.04673493317
-0.01640822194
0.01122247154
0.01913183573
0.02643920955
0.02261417172
0.005983034304
0.019747614
0.008531577131
-0.0006587598033
-0.001784581138
-0.06912583311
-0.07192459763
-0.07356172534
-0.07375402853
-0.07220805152
-0.06852207785
-0.06214243152
-0.05065431925
-0.0350084806
-0.01412794125
0.005494937858
0.01290297904
0.01985126466
0.02035052526
0.01373876599
0.02003417514
0.00951743636
0.0005747722266
-0.001149696165
-0.04760447185
-0.05035955541
-0.05236949007
-0.05326228099
-0.05266617958
-0.05026769121
-0.04572934547
-0.03816908731
-0.02810958531
-0.01485017725
-0.0006129386383
0.007857688138
0.01367384841
0.01560818403
0.01413002329
0.01727848982
0.01006718418
0.002073573898
-0.0003211022687
-0.03139421876
-0.03374433349
-0.03560971246
-0.0367288452
-0.03681401982
-0.03562949242
-0.03290813211
-0.02835307778
-0.02183066098
-0.01334075819
-0.003980595859
0.003214077831
0.008153205447
0.01082833226
0.0124667882
0.013996533
0.009315023961
0.003060383315
9.947332516e-05
-0.02057065621
-0.02262897022
-0.02435184685
-0.02555826615
-0.02603168683
-0.02565365782
-0.02424394529
-0.02164274832
-0.01769632002
-0.01249958567
-0.006403756579
-0.0005828483735
0.004076067923
0.007170990975
0.009130601468
0.01067424605
0.00843421713
0.003839138497
0.0006059487587
-0.01400235188
-0.01566222636
-0.01712715942
-0.01829098532
-0.01899164136
-0.01910663557
-0.01843842868
-0.0168933579
-0.01431304923
-0.01080272642
-0.006490433959
-0.001975199927
0.001974119354
0.005056935413
0.007283681951
0.0086058355
0.007466210535
0.004031929243
0.000859821058
-0.14645573
-0.1569062302
-0.1689936868
-0.1844177211
-0.2011377252
-0.2191528219
-0.1157209545
-0.1246683503
-0.1352292083
-0.1493385587
-0.164970476
-0.1847012646
-0.08976884501
-0.09687999993
-0.1057534449
-0.1175628693
-0.1315595014
-0.1498875086
-0.06798553208
-0.07337806801
-0.08047601165
-0.08976805291
-0.1015103294
-0.1168024927
-0.04971896926
-0.05374416061
-0.05918960573
-0.06620834621
-0.07540377329
-0.08725852289
-0.03503931211
-0.03796579318
-0.04196185712
-0.04705680829
-0.053853921
-0.06251574906
-0.02333031085
-0.02542053736
-0.0282710558
-0.03187423144
-0.03666863455
-0.04267199592
-0.01463346282
-0.01610389352
-0.01808518076
-0.02058463232
-0.02386169519
-0.02789037495
-0.008348517083
-0.009437457628
-0.01087606622
-0.01269682832
-0.01504418532
-0.0179106576
-0.00489864236
-0.005740727506
-0.006831960603
-0.008216531206
-0.009959834015
-0.0120452552
-0.1150930201
-0.1263749575
-0.137029241
-0.08954429787
-0.09877637395
-0.1077030839
-0.06878768814
-0.07615823444
-0.0832782116
-0.05204848874
-0.05762097733
-0.06299644387
-0.03781661637
-0.04195481743
-0.04596291799
-0.02628437966
-0.0293288571
-0.03227779077
-0.01697856117
-0.01919072363
-0.02133540939
-0.01008920038
-0.01167730882
-0.01321530009
-0.004907535012
-0.006112228197
-0.007284110549
-0.002150085091
-0.00311522453
-0.004059798301
0.06393851694
0.005795889817
-0.03878340592
-0.06916504322
-0.08950746362
-0.1033409814
0.04230644706
8.1930904e-05
-0.03221036585
-0.05439905578
-0.06956035339
-0.08021416786
0.02713387457
-0.002368409915
-0.02518254607
-0.04145110014
-0.05305758499
-0.06141442395
0.01718037502
-0.003167209867
-0.01930120245
-0.03133778586
-0.0401278519
-0.04648630072
0.01106618552
-0.002866361146
-0.01411370101
-0.02270819139
-0.02908525111
-0.0337361904
0.007848847056
-0.001622274151
-0.009362551892
-0.01539668652
-0.01995042955
-0.02330874357
0.006733455025
0.0002226305591
-0.005093858203
-0.009278964279
-0.01247086541
-0.01484578834
0.006747981213
0.002143533559
-0.001615102902
-0.004587990544
-0.006864939274
-0.00856093847
0.00729596362
0.00390941343
0.001205810645
-0.0009151387214
-0.002545777834
-0.003773706387
0.007487775205
0.004747108349
0.002608268625
0.0009552317178
-0.0003077093167
-0.001256722988
0.08148839781
0.1009513012
0.107058621
0.122580158
0.1267226463
0.1257248934
0.1057990934
0.08037012939
0.09592865097
0.1001676776
0.1083269968
0.1065776185
0.09732510751
0.07716054935
0.07875466136
0.08920090821
0.09170805999
0.09264271353
0.08660246188
0.07243041191
0.0540535213
0.07641237251
0.08067960551
0.08193488868
0.07672868331
0.06814602678
0.05296917424
0.03698943285
0.07294841664
0.07115178802
0.07117501906
0.06273205852
0.05215897778
0.03841515218
0.02529984403
0.06831588258
0.06185705238
0.05981438699
0.05034240519
0.03939008567
0.0279550907
0.01784810522
0.06233531221
0.05368525398
0.04878426432
0.0397423193
0.03029754301
0.02135417868
0.01378239402
0.05563519945
0.04661085325
0.03959183803
0.0316549668
0.02410404212
0.01734399809
0.01177184806
0.04937657527
0.04163052567
0.03391798357
0.02675282324
0.02050248117
0.01523153931
0.01102196184
0.04460472149
0.03784313878
0.03045388538
0.02381672853
0.01831768561
0.01390905096
0.01049135678
0.08317856837
0.1089306697
0.1177272053
0.1444495984
0.1746617367
0.2130780728
0.2535538275
0.08324863379
0.1083709011
0.1172089671
0.1428503686
0.1711625851
0.2041766596
0.2372175011
0.08302554363
0.1068306649
0.1154802762
0.1390012059
0.1620953009
0.1841466525
0.201651665
0.08232747251
0.1046613577
0.1125851264
0.1343418334
0.1502155593
0.1602884841
0.1572572404
-0.3397414407
-0.3404650603
-0.341423135
-0.3424179118
-0.3434834546
-0.3448590577
-0.347095499
-0.3510752664
-0.3578156621
-0.3684104888
-0.3845653262
-0.3827496881
-0.3706237634
-0.3702534054
-0.3698022576
-0.3693835849
-0.3690931355
-0.3692313502
-0.3705380607
-0.3743620046
-0.3825334408
-0.3952662687
-0.4289695576
-0.4244487687
-0.3838324735
-0.3831755843
-0.382216226
-0.3810229452
-0.3795258604
-0.3777875348
-0.3763294118
-0.3765146005
-0.3807983015
-0.3873592659
-0.422788745
-0.4196113988
-0.3911701828
-0.390699001
-0.3898005641
-0.3883088625
-0.385946692
-0.3825442419
-0.3783908066
-0.3746429317
-0.3735959712
-0.3750222528
-0.3879749943
-0.3839386058
-0.4140508954
-0.4131989218
-0.4116778488
-0.4093259708
-0.4058395174
-0.4010004764
-0.3948223069
-0.3874573227
-0.3788494859
-0.3700729828
-0.3585931707
-0.3451912018
-0.4545784763
-0.4526826084
-0.4496721505
-0.4456031044
-0.4401652102
-0.4329872611
-0.4234087007
-0.4099403694
-0.3912215979
-0.3670367426
-0.338935193
-0.3075935032
-0.495019249
-0.4920731741
-0.4876007441
-0.4819116607
-0.4745956691
-0.4648092973
-0.4507156341
-0.4293796189
-0.3992909359
-0.362252958
-0.3215152371
-0.2795599014
-0.5297898369
-0.5259980279
-0.5203571737
-0.5133241324
-0.5041935454
-0.4913314761
-0.4715943609
-0.4417070063
-0.4012190399
-0.3539136336
-0.3052775822
-0.2585149456
-0.5562402893
-0.5518540298
-0.5453898293
-0.5373665187
-0.5266314018
-0.5106538212
-0.4853559088
-0.4475629195
-0.3982346481
-0.3441576906
-0.2913835981
-0.2419957435
-0.5757046462
-0.5708618331
-0.5637787641
-0.5549324333
-0.5426826801
-0.5236995523
-0.4933405172
-0.448787284
-0.3932628606
-0.334861583
-0.2792929322
-0.2285178332
-0.5909895738
-0.585962568
-0.5785416966
-0.5690430011
-0.5553066945
-0.5332664158
-0.4979685245
-0.4474620413
-0.3869539255
-0.3252304415
-0.2677660947
-0.2160780474
-0.6034854507
-0.5982851198
-0.5905355555
-0.5803083993
-0.5648305578
-0.5393086412
-0.4986915091
-0.4423396472
-0.3774243942
-0.3130490928
-0.2541027938
-0.2019744801
-0.611496614
-0.6062760547
-0.5983490987
-0.5874541136
-0.5701349341
-0.5409168549
-0.4948963163
-0.4331191867
-0.3644984177
-0.2981790741
-0.2384163263
-0.1865714974
-0.6149704597
-0.6097152272
-0.6015771639
-0.5898476017
-0.5703890898
-0.5372447819
-0.4860948157
-0.4198316315
-0.3483585709
-0.2807455781
-0.2208725864
-0.170199791
-0.6124247946
-0.6073917193
-0.599228129
-0.586582735
-0.564675722
-0.5273496735
-0.4713143265
-0.4012370362
-0.3272292125
-0.2587166911
-0.1994872599
-0.1509262429
-0.5958213203
-0.5912261994
-0.5832164098
-0.569602233
-0.5449076213
-0.5030276504
-0.4421441882
-0.3687646829
-0.2931162251
-0.225284025
-0.1683679447
-0.123477465
-0.5510911889
-0.5472646345
-0.5396989271
-0.5251830196
-0.4976865537
-0.4515724783
-0.3868765759
-0.312253795
-0.2384140071
-0.1750332129
-0.1230287378
-0.08362718399
-0.4520715558
-0.4495118999
-0.4430637737
-0.4285612918
-0.3998227986
-0.3522255
-0.2875379583
-0.2181317859
-0.1531148223
-0.09919336048
-0.05707865624
-0.02607502899
-0.2606535041
-0.2600389735
-0.2559139097
-0.2436211379
-0.2176878458
-0.1760824412
-0.1239707934
-0.07031139963
-0.0238554646
0.01153724761
0.03639630175
0.05351422569
0.001645592488
9.499727914e-05
0.0009870952068
0.008586534876
0.02621741566
0.05343138992
0.08471976974
0.1129975232
0.132380484
0.1414293426
0.1425460064
0.1370653242
0.2565432296
0.2528461661
0.2500864907
0.2516717626
0.2588425461
0.2696418036
0.2792747014
0.2824486259
0.2760656358
0.2605262815
0.2383138526
0.2100212505
0.4599234492
0.4546940692
0.4488945209
0.4449225995
0.4424865082
0.4389824866
0.4304263404
0.4132538822
0.386321919
0.3512591888
0.3109326837
0.26706675
0.5790524283
0.5728477563
0.5651110154
0.5575949107
0.5491454835
0.5368794253
0.5172948934
0.487922427
0.4487091985
0.4019494022
0.3507590945
0.2978174639
-0.3778149746
-0.3536607215
-0.3172666963
-0.2682367694
-0.21982484
-0.1975633274
-0.1704520773
-0.1748840499
-0.17207268
-0.09710419887
-0.05916350352
-0.1155812859
-0.1364413145
-0.1235051405
-0.1172803278
-0.05723150845
-0.01343197478
-0.00950222744
-0.001018724487
-0.427950177
-0.4087737069
-0.3629027238
-0.2914216902
-0.2126022866
-0.1335326405
-0.07249292279
-0.1015834333
-0.1126951592
-0.09029660989
-0.0869130565
-0.1099501716
-0.1184683238
-0.1241217714
-0.1166583708
-0.05649619364
-0.01135070029
-0.009209010991
-0.001327868102
-0.4152642501
-0.4049079766
-0.3678114254
-0.2935198928
-0.2026369549
-0.0933779789
0.002468057712
-0.0064283857
-0.02447246103
-0.07156392587
-0.115765079
-0.1033254851
-0.0964542928
-0.1140207052
-0.1054684682
-0.05382290668
-0.01012979844
-0.008742264517
-0.001367050678
-0.3725166288
-0.3624250764
-0.3363477786
-0.2799515925
-0.2014800605
-0.1056227329
0.008796982061
0.0501220856
0.03881430694
-0.04408953673
-0.082877914
-0.09280929574
-0.075969095
-0.09248650886
-0.08467232391
-0.04896471708
-0.009523373873
-0.00789203329
-0.0009900962813
-0.3285733002
-0.3176083423
-0.2954977972
-0.2499575865
-0.1802053145
-0.1007694559
-0.001978150174
0.05952536849
0.06389416959
-0.02540082512
-0.09385387783
-0.08223378193
-0.05886911316
-0.06259548566
-0.05378398815
-0.03981113246
-0.0115578138
-0.006983778037
-0.000339263782
-0.2604233029
-0.2508287642
-0.2336339497
-0.2009397455
-0.1484244614
-0.09038926794
-0.01580864425
0.03377258822
0.04261215527
-0.01861249938
-0.07465002513
-0.062975365
-0.03860790601
-0.02854843322
-0.03815474082
-0.02888872408
-0.01325200964
-0.005623747411
0.0003411022309
-0.2072255527
-0.2025823026
-0.1900703052
-0.1655083512
-0.1259945264
-0.08061199002
-0.02494418397
0.01849989182
0.0265419022
-0.009027595862
-0.04838533992
-0.04133390352
-0.02037723319
0.004262541896
-0.005873744967
-0.01315923707
-0.01540982392
-0.003760795765
0.00114705778
-0.1583558351
-0.1553486427
-0.146193894
-0.1288277467
-0.1018057383
-0.06993187359
-0.03208655234
0.0001863945883
0.01122122852
-0.004643896996
-0.02634062764
-0.02139821871
-0.002903190953
0.03163782611
0.01592190756
0.000865659952
-0.01349915957
-0.001353953184
0.001941824551
-0.1168733477
-0.1157304148
-0.1106575508
-0.1001266436
-0.0830692937
-0.06182225053
-0.03688328991
-0.01354780798
-0.001128624492
-0.004682333373
-0.01385258516
-0.008114147502
0.006272780942
0.04143875376
0.02790448614
0.008753723231
-0.007313562554
0.0009356478234
0.002228606662
-0.08325186247
-0.08322754812
-0.08071752185
-0.07477565596
-0.06492823044
-0.0516806951
-0.03605421337
-0.02046644007
-0.009405954157
-0.006280795597
-0.006666496398
0.0004941258735
0.01231012057
0.03438213004
0.02957517557
0.01232102921
-0.0006520236552
0.002072664795
0.001865303607
-0.0576030514
-0.05838883036
-0.05761763353
-0.05463418277
-0.04939069914
-0.04188388761
-0.03265805645
-0.02269734944
-0.01390374149
-0.008223878027
-0.004485401143
0.002191994574
0.01164503614
0.0252350559
0.02641439556
0.01374797359
0.003691953324
0.002837959881
0.00165839438
-0.03869378299
-0.03961244588
-0.0396569446
-0.03845475352
-0.03612464727
-0.03221895157
-0.02698964296
-0.02082755621
-0.01447227547
-0.008922189733
-0.004012353706
0.002396497017
0.01010359116
0.01726157023
0.01950117812
0.01294401249
0.006142342729
0.003381331557
0.001339576704
-0.02664570081
-0.0277858513
-0.02840682252
-0.02829058977
-0.02716356836
-0.02513826681
-0.0222163857
-0.0184202822
-0.0140681993
-0.009458551329
-0.004733468813
0.0003862688576
0.006005756884
0.01112060621
0.01392159024
0.01147122015
0.007177266186
0.004235331181
0.001417040862
-0.01918153806
-0.02010209794
-0.02070988353
-0.02088180062
-0.02053399765
-0.01954793561
-0.01786937677
-0.01543852213
-0.01235815135
-0.008705139848
-0.004713894953
-0.0003843899572
0.004215762246
0.00807673836
0.01045779457
0.0097805275
0.007058636269
0.004192558162
0.001360421406
-0.1869536026
-0.1994455397
-0.2154318942
-0.2365950154
-0.2649528521
-0.3059556213
-0.1513935754
-0.1617226664
-0.1753955079
-0.1930031931
-0.2166538049
-0.2477049372
-0.1200954302
-0.1279422725
-0.1386917179
-0.1519649728
-0.1703856762
-0.19376721
-0.09293649764
-0.09868290484
-0.1067069385
-0.1165946466
-0.1305213892
-0.1480376411
-0.06994063486
-0.07409171286
-0.07985786894
-0.08704301477
-0.09696403209
-0.1093683697
-0.05111511628
-0.05400389835
-0.05794917406
-0.06291100085
-0.0696028531
-0.07792289443
-0.03600016451
-0.0379741344
-0.04061823143
-0.04396616684
-0.04837181961
-0.05379853351
-0.02475442667
-0.02607693414
-0.02781741056
-0.03001591186
-0.03282676805
-0.03619229803
-0.01680564175
-0.01774750849
-0.01896454447
-0.0205008945
-0.0224296321
-0.02472332729
-0.01234093
-0.01303820378
-0.01392314828
-0.01502934512
-0.01637182041
-0.01789593816
-0.1506265731
-0.1634194144
-0.175693534
-0.121259191
-0.1317394194
-0.1419163549
-0.09664903432
-0.1048436709
-0.1127185697
-0.07579181277
-0.08176432764
-0.0875092042
-0.05755792071
-0.06186984236
-0.06602502065
-0.04241819818
-0.04545781693
-0.04838331579
-0.02996820465
-0.03208456059
-0.03412133938
-0.02064418473
-0.02209125995
-0.02348132515
-0.01379388238
-0.01485688838
-0.01588131478
-0.01001347047
-0.01083999357
-0.01163918764
0.0419823624
-0.01987552589
-0.06751733119
-0.1002537225
-0.1223921112
-0.1375948172
0.02087200767
-0.02419494504
-0.0588024503
-0.08275019456
-0.09923326102
-0.1109265519
0.00655991349
-0.0249997728
-0.04945207409
-0.06694805156
-0.07948144866
-0.08857516543
-0.002146059296
-0.02379891083
-0.04095812148
-0.05375233646
-0.06310017886
-0.06988410185
-0.006586536493
-0.02120041467
-0.03294356416
-0.04187455532
-0.04848535549
-0.05331239481
-0.007762619441
-0.01748585993
-0.02535816257
-0.03145670703
-0.03604576967
-0.03942727418
-0.006694352803
-0.01319489406
-0.01842420506
-0.02250590864
-0.02560736676
-0.02790953996
-0.004641496212
-0.009104794104
-0.01269637056
-0.01550719492
-0.01764564274
-0.01922957012
-0.002504352325
-0.005697889391
-0.008221036758
-0.01017906286
-0.01166904389
-0.01278035483
-0.001324146745
-0.003855487707
-0.005801671546
-0.007285530747
-0.008405730945
-0.009238594328
0.07822795282
0.09667491834
0.101781566
0.1145917656
0.1156152701
0.1121348025
0.08772586561
0.07648071844
0.09094089581
0.09401015387
0.09917922781
0.09459009818
0.08243710871
0.05881571539
0.07413993229
0.08345727567
0.08461825279
0.08246425267
0.07400897966
0.05690499621
0.03589659375
0.07099609659
0.0740935844
0.07391772713
0.06574620035
0.05525034644
0.03755632445
0.01940538389
0.06670479976
0.06391372671
0.06232946999
0.0513533396
0.03927992683
0.0236236591
0.008814447126
0.06123978054
0.05393998466
0.05038611618
0.03899938545
0.02687141439
0.01416120598
0.002928321289
0.05456660283
0.04526419406
0.03913052566
0.02878895676
0.01852057459
0.00884414696
0.0006670410731
0.04734636298
0.0378550856
0.03001154303
0.02131827224
0.01328555415
0.006199365096
0.0004181913412
0.0407735242
0.03271066665
0.02455053717
0.01701879666
0.01058208143
0.005268915033
0.001097512897
0.03585664204
0.0288797112
0.02129232388
0.01455229518
0.009055163289
0.004758242243
0.001496356131
0.0827921822
0.1084151682
0.1171253383
0.1435346984
0.1733911899
0.2113739129
0.2513916853
0.08207154221
0.1068361683
0.1153945789
0.1401035559
0.1672915194
0.1990363018
0.2306830819
0.08113055787
0.1042645178
0.1124885704
0.1344866519
0.1556481122
0.175825722
0.1909785536
0.07971490172
0.1012201731
0.108347479
0.1278825808
0.1410903135
0.1488456171
0.1422548561
)
;

boundaryField
{
    cylinder
    {
        type            zeroGradient;
    }
    jet
    {
        type            zeroGradient;
    }
    inlet
    {
        type            zeroGradient;
    }
    outlet
    {
        type            fixedValue;
        value           uniform 0;
    }
    topAndBottom
    {
        type            zeroGradient;
    }
    frontAndBack
    {
        type            empty;
    }
}


// ************************************************************************* //
