/*--------------------------------*- C++ -*----------------------------------*\
  =========                 |
  \\      /  F ield         | OpenFOAM: The Open Source CFD Toolbox
   \\    /   O peration     | Website:  https://openfoam.org
    \\  /    A nd           | Version:  9
     \\/     M anipulation  |
\*---------------------------------------------------------------------------*/
FoamFile
{
    format      ascii;
    class       surfaceScalarField;
    location    "0";
    object      phi;
}
// * * * * * * * * * * * * * * * * * * * * * * * * * * * * * * * * * * * * * //

dimensions      [0 3 -1 0 0 0 0];

internalField   nonuniform List<scalar> 
3068
(
-7.702875308e-05
-3.376913485e-05
0.0001107979174
-0.0003759444828
-0.000134383915
0.0004332995464
-0.001047735387
-0.0003056924522
0.0009774832839
-0.002307114049
-0.0005697782228
0.001829156805
-0.004434290149
-0.0009346414315
0.003061817463
-0.007758971155
-0.001373438167
0.004698119104
-0.01261877651
-0.001816306086
0.006676111371
-0.01929342414
-0.002188707625
0.008863355183
-0.02788519112
-0.002479672475
0.01107143939
-0.03804053213
-0.00259832267
0.01275366363
-0.04927438812
-0.001013482217
0.01224733817
-0.005169899286
-0.04876022365
0.004655735313
-6.297681381e-05
2.920785417e-05
-0.000307374825
0.0001100138976
-0.0008525245168
0.0002394573078
-0.001856287943
0.0004339852395
-0.003501107374
0.0007101779937
-0.005954251144
0.001079705597
-0.009297783416
0.001527226189
-0.01343017418
0.001943683145
-0.01788776358
0.001977916946
-0.02107550045
0.0005894142128
-0.02173830715
-0.0003506755325
-0.02102922555
-0.005878978938
-3.458636938e-05
6.379432928e-05
-0.0001667337183
0.0002421613809
-0.0004539936018
0.0005267171068
-0.0009577355371
0.0009377272068
-0.001708425899
0.001460868363
-0.002621947585
0.001993227321
-0.003327810155
0.002233088796
-0.002829559806
0.001445432837
0.001142728383
-0.001994371195
0.01169547846
-0.009963335881
0.03577677576
-0.02443197288
-0.06518428223
0.07993183677
-6.061217895e-06
6.985559565e-05
-1.950464543e-05
0.0002556051735
-1.936841395e-05
0.0005265807279
6.718008227e-05
0.0008511787544
0.0004396991802
0.00108834931
0.001583058421
0.0008498681556
0.004576076726
-0.0007599294544
0.01160321662
-0.005581707006
0.02649057871
-0.01688173324
0.05464674719
-0.03811950439
0.1019910855
-0.07177631133
-0.1286929119
0.1654997208
3.200890502e-05
3.784670864e-05
0.0001840053553
0.0001036089577
0.0006016407374
0.0001089452624
0.001582783111
-0.0001299635594
0.003725815135
-0.001054682667
0.008197584252
-0.003621900903
0.01715527402
-0.009717619189
0.03413594959
-0.02256238256
0.06328469778
-0.04603048144
0.1069417609
-0.08177656744
0.1620996583
-0.1269342088
-0.1798851122
0.2132918586
6.076614812e-05
-2.291938081e-05
0.0003331187804
-0.0001687434762
0.00103977996
-0.0005977158502
0.002599728755
-0.001689912212
0.005779538626
-0.004234492409
0.01191531242
-0.009757674567
0.02308772745
-0.0208900341
0.04161629455
-0.04109094952
0.06752210114
-0.07193628787
0.09611155556
-0.1103660217
0.1214089169
-0.1522315699
-0.2002302315
0.1417540361
7.621860303e-05
-9.91378975e-05
0.0004060664796
-0.0004985911092
0.001233633425
-0.001425282644
0.002992082964
-0.003448361547
0.006414970233
-0.007657379481
0.01262462667
-0.0159673308
0.02291145246
-0.03117685969
0.03734589714
-0.05552539397
0.05283717866
-0.08742756913
0.06538193119
-0.1229107739
0.07496073304
-0.1618103714
-0.2089490247
0.08367952638
7.835185612e-05
-0.000177489627
0.0004086620755
-0.0008289010252
0.001216044851
-0.002232665189
0.002877253263
-0.005109569695
0.005972801827
-0.01075292779
0.01123255392
-0.02122708262
0.01903334222
-0.03897764772
0.02816124218
-0.06465329363
0.03617344799
-0.09543977461
0.04225249261
-0.1289898182
0.04750276612
-0.1670606446
-0.2142437291
0.05279747091
7.187717612e-05
-0.000249366661
0.0003685154529
-0.001125539012
0.001076701123
-0.002940850608
0.002490513378
-0.006523381659
0.005017244627
-0.01327965874
0.009044200228
-0.02525403793
0.01443036415
-0.04436381132
0.0199711942
-0.07019412333
0.02440571597
-0.099874296
0.0275768568
-0.1321609586
0.03011017201
-0.1695939594
-0.2166266783
0.03249312161
6.166277533e-05
-0.0003110293067
0.0003106373821
-0.001374513323
0.0008926205055
-0.003522833479
0.002024881208
-0.007655642097
0.003976282873
-0.01523106014
0.006920141901
-0.02819789667
0.01055674945
-0.04800041856
0.01398102194
-0.07361839548
0.01648099948
-0.1023742732
0.0181242973
-0.1338042561
0.01943141182
-0.1709010736
-0.2178893346
0.02069406852
7.322929468e-05
-0.000384258479
0.0003663085484
-0.001667592243
0.001042708013
-0.004199232651
0.002331473642
-0.00894440745
0.004480679171
-0.0173802654
0.007561130973
-0.0312783482
0.01110418996
-0.05154347726
0.01417518863
-0.07668939385
0.01622511533
-0.1044241995
0.01743792343
-0.1350170639
0.01827659409
-0.1717397439
-0.2185355619
0.01892282176
7.753895643e-05
-0.0004617973366
0.0003832190335
-0.001973272024
0.00107602075
-0.004892034091
0.002362379056
-0.0102307655
0.004426765245
-0.01944465135
0.007221377617
-0.03407296032
0.01019249554
-0.05451459492
0.01251893033
-0.07901582837
0.0138449332
-0.1057502021
0.01441758576
-0.1355897161
0.01462637914
-0.1719485371
-0.218508169
0.01459898661
8.013578199e-05
-0.0005419330413
0.0003910771588
-0.002284213129
0.001081880449
-0.005582837114
0.002328932626
-0.01147781744
0.004250136285
-0.02136585479
0.006699807221
-0.03652263104
0.009092326999
-0.05690711447
0.01073123
-0.08065473114
0.01141111297
-0.1064300848
0.01141030548
-0.1355889084
0.0110150219
-0.1715532533
-0.2177539765
0.01026082959
7.295283452e-05
-0.0006148858149
0.0003500717326
-0.002561331765
0.0009520050807
-0.006184770215
0.002007573814
-0.01253338598
0.003568020331
-0.02292630114
0.005440319779
-0.03839493032
0.007104863541
-0.05857165808
0.008041292878
-0.08159116031
0.008162764589
-0.1065515564
0.007705813406
-0.1351319571
0.006842775701
-0.1706902154
-0.2164663792
0.00555517837
9.232178531e-05
-0.0007072075553
0.0004391010666
-0.002908110741
0.001179078659
-0.006924747545
0.002438501573
-0.01379280874
0.004213730268
-0.02470152971
0.006189852129
-0.04037105208
0.007729815798
-0.06011162164
0.00830431568
-0.08216566009
0.007863151579
-0.1061103922
0.006626543769
-0.1338953492
0.004730144942
-0.1687938165
-0.213806216
0.002069981612
0.0001118166268
-0.00081902419
0.0005220850616
-0.003318378903
0.001370603069
-0.007773265322
0.00274866086
-0.01517086643
0.004552058371
-0.02650492714
0.006310155983
-0.04212914963
0.007278339952
-0.06107980555
0.006955232347
-0.08184255244
0.00532669445
-0.1044818543
0.002545105473
-0.1311137602
-0.001273506147
-0.1649752049
-0.2089601331
-0.006119589424
0.0001181661564
-0.0009371904031
0.0005372940171
-0.003737506467
0.001363934544
-0.008599905636
0.002604428005
-0.01641135983
0.004000354743
-0.02790085384
0.004906127851
-0.04303492273
0.004526323522
-0.06070000122
0.002381468804
-0.07969769773
-0.001497167827
-0.1006032177
-0.006685246678
-0.1259256814
-0.01366152771
-0.1579989239
-0.1997513689
-0.02287029288
8.975821931e-05
-0.001026948723
0.0003850293639
-0.004032777293
0.0009002113739
-0.009115087458
0.001491756495
-0.01700290494
0.001707811648
-0.028116909
0.0007460728345
-0.04207318395
-0.002273370216
-0.0576805582
-0.007608786863
-0.07436228113
-0.01507069401
-0.09314131057
-0.02494179427
-0.1160545812
-0.03778328111
-0.1451574371
-0.1829931501
-0.05454150154
5.117999958e-06
-0.001032066824
-4.018138253e-05
-0.003987477505
-0.0003147139284
-0.008840554738
-0.001230734527
-0.01608688434
-0.00352988949
-0.02581775403
-0.008158983921
-0.03744408955
-0.01576172848
-0.05007781368
-0.02649365013
-0.06363035956
-0.04035039969
-0.0792845611
-0.05790343252
-0.09850154846
-0.08039161407
-0.1226692557
-0.1537701549
-0.1096146123
-0.0001215187052
-0.0009105481513
-0.0006351655195
-0.003473830424
-0.001886023423
-0.007589696743
-0.004413755117
-0.01355915267
-0.008926015804
-0.02130549335
-0.01609488204
-0.03027522335
-0.02627982267
-0.0398928731
-0.0395677299
-0.05034245241
-0.05619751467
-0.06265477641
-0.07681004188
-0.07788902132
-0.1026587857
-0.09682051191
-0.1208446963
-0.1355842408
-0.0002425685272
-0.0006679796147
-0.001187771208
-0.002528627543
-0.00330436195
-0.005473105923
-0.007200532463
-0.009662982149
-0.01352252392
-0.0149835019
-0.0227656009
-0.02103214639
-0.03518656999
-0.02747190405
-0.05100214826
-0.0345268742
-0.07071310655
-0.0429438182
-0.09516558989
-0.05343653806
-0.1253938233
-0.06659227855
-0.08334550291
-0.1628930143
-0.0003213461683
-0.0003466334461
-0.001544938967
-0.001305034672
-0.004209810779
-0.002808234101
-0.00894840263
-0.004924390325
-0.0163526065
-0.007579298048
-0.02681903328
-0.01056571965
-0.04055927989
-0.0137316575
-0.05786656903
-0.01721958512
-0.07939132575
-0.02141906155
-0.1061319814
-0.02669588248
-0.1393404536
-0.03338380643
-0.04186035122
-0.1808256039
-0.0003708875262
2.425407865e-05
-0.001767161006
9.123879784e-05
-0.00477081685
0.0001954217116
-0.01003432935
0.0003391221303
-0.01812645154
0.0005128240796
-0.02938806292
0.0006958916565
-0.04398920466
0.0008694841602
-0.06223879962
0.001030009749
-0.0848390475
0.001181186234
-0.1128502315
0.001315301456
-0.1476508731
0.001416835113
-0.1909892759
0.001478051938
-0.04198090492
0.003301547711
-0.01008086847
-0.03193877738
0.01965458918
-0.02969671912
-0.01818970344
0.04365344635
-0.05740252113
0.0008845131297
0.06870435099
-0.08777856676
0.03233625599
0.08700690161
-0.1184586427
0.07604631642
0.0722794948
-0.1159895542
0.1222908756
-0.03643005002
-0.009814509957
0.1702885367
-0.1180284081
0.07003074561
0.1742545283
-0.1922313656
0.1882653741
0.1550192575
-0.2773712238
0.2966064957
0.1809856914
-0.1669527055
0.1409862727
0.2127858349
-0.04883067993
0.01703053709
0.2145657378
0.2936133017
-0.2953932041
0.2294842457
0.4595121233
-0.4744306308
0.2254821716
-0.1069737949
0.1109758694
0.2171747171
-0.39603958
0.4043470351
0.2125926218
-0.02337810616
0.02796020222
0.2088013835
0.1482195855
-0.1444283464
0.04007869487
-0.03626071097
0.002293343558
-0.00487077842
0.01427569284
0.007672235609
0.03371476484
0.02421437375
0.0588622407
0.04355687637
0.09230638266
0.05356276109
0.1325058338
0.03208004312
0.1592997012
-0.06322391974
0.1822076395
-0.1409363479
0.1828843277
-0.192908053
0.1627834177
-0.2572703125
0.166564614
-0.1707339011
0.188032242
-0.07029830734
0.2111089825
0.2705365621
0.2344078553
0.4362132512
0.2247134317
-0.09727937068
0.2119768205
-0.3833029682
0.2080589544
-0.01946023951
0.2062394012
0.1500391392
0.04231469466
0.07788715113
-0.002826083965
0.08309771883
0.002461672191
0.09752631689
0.009785772061
0.1197138281
0.02136935323
0.147648713
0.02562786028
0.1749448223
0.004783922827
0.1863839162
-0.0746630134
0.1826980158
-0.1372504401
0.1694305867
-0.1796406176
0.1522933134
-0.2401330373
0.1385704005
-0.1570109896
0.1516279699
-0.08335587803
0.1959772128
0.2261873198
0.228155105
0.4040353606
0.2181090966
-0.08723336152
0.2027287052
-0.3679225762
0.2010381899
-0.0177697237
0.2024347424
0.1486425871
0.04193154635
0.1572654199
0.005408232551
0.1534152467
0.00631185097
0.1556341814
0.007566835087
0.1655977993
0.01140572652
0.1819959527
0.009229695691
0.1922592752
-0.005479406207
0.1911578072
-0.07356154388
0.1791507122
-0.125243341
0.155548895
-0.1560387993
0.1384993148
-0.2230834589
0.1182312824
-0.1367429596
0.1126641608
-0.07778875865
0.1631954816
0.1756559975
0.2109225195
0.356308322
0.2090068047
-0.08531764728
0.1914986199
-0.350414392
0.1913415644
-0.01761266858
0.1972838642
0.1427002872
0.03754149428
0.2247940768
0.01220954468
-0.2315953903
0.2199956371
0.01111029109
0.2172975201
0.01026495509
0.2186337152
0.01006953718
0.227825697
3.772088207e-05
0.2355065754
-0.0131602796
0.2361680324
-0.07422300024
0.2255079067
-0.1145832181
0.2035240257
-0.134054922
0.1768420998
-0.1964015358
0.1420725725
-0.1019734337
0.1003440107
-0.03606019789
0.1156349663
0.1603650401
0.1835938417
0.2883494446
0.2076301249
-0.109353932
0.1793177834
-0.3221020515
0.1643376471
-0.002632533095
0.1690940676
0.1379438662
0.03410501077
0.2820934753
0.01326599488
-0.283149925
0.2819789755
0.01122479057
0.2837162251
0.008527705146
0.2868109626
0.006974799395
0.2924685975
-0.005619914194
0.2966080979
-0.01729978011
0.2873530359
-0.06496793826
0.2659413257
-0.09317150774
0.2396785923
-0.1077921886
0.2075704738
-0.1642934173
0.174402318
-0.06880527788
0.1346637635
0.003678356487
0.1550528296
0.1399759739
0.2377994917
0.2056027825
0.2560890383
-0.1276434787
0.2126907539
-0.2787037669
0.1935682311
0.01648998976
0.2039583879
0.1275537095
0.02831558349
0.3391880448
0.01239308524
-0.3383151343
0.3402738865
0.0101389486
0.342609168
0.006192423567
0.3458726561
0.00371131117
0.3489344204
-0.008681678562
0.3490843369
-0.01744969665
0.3372769779
-0.05316057917
0.3172790337
-0.07317356349
0.2950963603
-0.08560951511
0.258561706
-0.127758763
0.2311929596
-0.04143653148
0.2131057087
0.0217656074
0.2387477158
0.1143339668
0.3110706986
0.1332797996
0.3124138509
-0.1289866309
0.25112267
-0.2174125859
0.2295800125
0.0380326473
0.2492707337
0.1078629884
0.01941637677
0.4018828884
0.01063705692
-0.4001268589
0.403327213
0.008694623794
0.4052553948
0.004264241703
0.4072842351
0.001682470913
0.4079722799
-0.009369723378
0.4061140765
-0.0155914932
0.3936708446
-0.04071734722
0.374746567
-0.05424928573
0.3542985992
-0.06516154723
0.3200525621
-0.0935127259
0.3016182999
-0.0230022693
0.3076932802
0.01569062716
0.3403716142
0.08165563279
0.3906855069
0.08296590692
0.3722262047
-0.1105273287
0.2983790786
-0.1435654598
0.282878495
0.05353323098
0.3133937308
0.0773477526
0.009010369382
0.4734874117
0.00843920874
-0.4712895624
0.475133102
0.007048933394
0.4764625094
0.002934834311
0.4775290214
0.0006159590119
0.4764540724
-0.008294774389
0.4734514179
-0.01258883866
0.4626331565
-0.02989908571
0.4474078844
-0.03902401361
0.4277506595
-0.04550432221
0.3972873754
-0.06304944179
0.3881105694
-0.01382546326
0.4010677958
0.002733400792
0.4313839043
0.05133952431
0.4648501606
0.04949965063
0.43911818
-0.08479534806
0.3745811606
-0.07902844027
0.3725060271
0.05560836466
0.40368019
0.04617358973
0.002092803852
0.5570722113
0.006310607781
-0.5549436094
0.5587565463
0.005364598426
0.5596047185
0.00208666218
0.559927533
0.0002931445001
0.5578620775
-0.006229318858
0.5545570656
-0.009283826662
0.5449002256
-0.02024224567
0.5316761641
-0.02579995215
0.5165118268
-0.03033998491
0.4945407509
-0.04107836583
0.4901995862
-0.009484298555
0.4979410138
-0.005008026837
0.5203845475
0.02889599071
0.5429250695
0.02695912869
0.5167694372
-0.05863971571
0.4759753138
-0.03823431679
0.4880723639
0.04351131478
0.5094889551
0.02475699863
0.0005392602611
0.6560688171
0.004372439348
-0.654130648
0.6577031217
0.003730293835
0.6582784056
0.001511378345
0.6583572557
0.0002142944077
0.6561350258
-0.004007088907
0.6529929976
-0.006141798475
0.6452409685
-0.01249021662
0.6358087198
-0.0163677035
0.6240394702
-0.01857073531
0.6079516127
-0.02499050833
0.6059933762
-0.007526062046
0.6074204016
-0.006435052251
0.6235317491
0.01278464326
0.6384330854
0.01205779246
0.6146971887
-0.03490381891
0.5939484299
-0.01748555782
0.6102898078
0.02716993707
0.622034639
0.01301216758
0.001034162618
0.7748047855
0.002705718562
-0.7731380642
0.7762257113
0.002309368036
0.7767229167
0.00101417292
0.7767777431
0.0001594680419
0.774966066
-0.002195411839
0.772412715
-0.003588447542
0.7668499492
-0.00692745093
0.7596740969
-0.009191851276
0.7514747914
-0.01037142992
0.7403081069
-0.01382382387
0.7384639805
-0.005681935669
0.7377774359
-0.005748507634
0.7462299607
0.004332118494
0.7540829709
0.00420478239
0.7383274895
-0.01914833744
0.7286736329
-0.007831701041
0.7411557633
0.01468780685
0.7473560316
0.006811899464
0.001156993107
0.920105849
0.001224305084
-0.9186244351
0.9214105716
0.001004645439
0.9219644799
0.0004602645852
0.9220678403
5.610759908e-05
0.9208533027
-0.0009808743123
0.9189524342
-0.001687579079
0.9150938095
-0.00306882636
0.9100560817
-0.004154123611
0.904392603
-0.004707951336
0.896659022
-0.006090242937
0.894234024
-0.003256937688
0.8917187059
-0.003233189504
0.8957073449
0.0003434795167
0.8994798457
0.0004322817256
0.8881321529
-0.007800644498
0.8829586587
-0.002658206649
0.8918496582
0.005796807562
0.895998506
0.002663051734
0.0005818867548
1.096300124
-1.095075819
1.09730477
1.097765034
1.097821142
1.096840267
1.095152688
1.092083862
1.087929738
1.083221786
1.077131543
1.073874606
1.070641416
1.070984896
1.071417178
1.063616533
1.060958327
1.066755134
1.069418186
0.2114207665
0.01877126085
-0.2094979579
0.2141657578
0.02974813034
0.2177411354
0.04922209286
0.2228802216
0.07854043883
0.2303219029
0.1343123553
0.2120183787
0.2511243227
0.01675664875
-0.2491097095
0.2538637623
0.02700869073
0.2581848762
0.04490097877
0.2634004134
0.07332490195
0.2739743237
0.1237384466
0.202842777
0.2981408693
0.01462771537
-0.2960119347
0.3010618106
0.0240877498
0.305859799
0.04010299095
0.3119954567
0.0671892458
0.3235790411
0.1121548625
0.1881066796
0.3539513697
0.01250147959
-0.3518251326
0.3570556502
0.02098346958
0.3620038195
0.03515482228
0.369274441
0.05991862499
0.3814671612
0.09996214119
0.1694469794
0.4204819363
0.01040578907
-0.4183862444
0.4237098858
0.01775552005
0.4287790828
0.03008562548
0.4368722329
0.05182547489
0.4499159107
0.08691846251
0.1480733275
0.4998900197
0.008345261183
-0.4978294903
0.5031848228
0.01446071681
0.5084409831
0.0248294652
0.5171670182
0.04309943973
0.5312424113
0.07284306932
0.1243721302
0.5945958749
0.006311945668
-0.5925625577
0.5979530473
0.01110354425
0.6034562969
0.0193262157
0.612793979
0.03376175779
0.6280778413
0.05755920726
0.09831932433
0.7082766646
0.004292854527
-0.7062575722
0.7117217472
0.007658461711
0.717555347
0.0134926159
0.7276128936
0.02370421138
0.7444312966
0.04074080449
0.06961255721
0.8459083286
0.00220073836
-0.8438162107
0.8495817838
0.003985006846
0.8559714469
0.007102952958
0.8671228652
0.01255279319
0.8861395757
0.02172409415
0.03712769796
1.012583273
-1.010382534
1.01656828
1.023671233
1.036224027
1.057948121
0.2054451962
0.008337087421
-0.2035214533
0.207418068
0.01262611535
0.01684293187
0.2451966351
0.006594140042
-0.2434536867
0.2470870386
0.01073571241
0.01482026093
0.2920664981
0.004951354894
-0.2904237117
0.2939487517
0.0088534594
0.01275707788
0.3480387128
0.003507616832
-0.3465949735
0.3497927324
0.00709944032
0.01072467774
0.4148181327
0.002280092847
-0.4135906073
0.4164153842
0.00550218912
0.008753817815
0.49451069
0.001293500573
-0.4935240962
0.4959417913
0.00407108807
0.006866119013
0.5895218942
0.0005680573444
-0.5887964494
0.590773408
0.002819574628
0.005076969511
0.7034946171
0.0001297700987
-0.7030563288
0.7045603828
0.001753809344
0.00337978006
0.8411866119
-7.120114856e-05
-0.8409856391
0.842129561
0.0008108609157
0.001693130357
1.007878542
-1.007949742
1.008689403
0.1890817277
-0.1157700578
-0.1829262855
0.1933585524
-0.05881832624
0.1969421483
-0.02645388881
0.199697377
-0.008874818007
0.2018165678
-4.920893844e-05
0.003850292919
0.2329805708
-0.1190448149
-0.2297058134
0.235837784
-0.06167553792
0.2381976598
-0.02881376369
0.2401725883
-0.01084974587
0.2419635957
-0.001840215712
0.002360202109
0.2842625972
-0.118427089
-0.2848803225
0.2849494774
-0.06236241703
0.2860675123
-0.02993179789
0.2875943377
-0.01237657062
0.2890809496
-0.0033268269
0.001017440191
0.3448590423
-0.1141328264
-0.3491533042
0.3434335121
-0.06093688585
0.3435884552
-0.0300867405
0.3444478561
-0.01323597089
0.3455164257
-0.004395395938
-6.110739617e-05
0.4168012765
-0.1060908959
-0.4248432062
0.4132330176
-0.057368626
0.4121094818
-0.02896320421
0.4121855198
-0.01331200821
0.4128012491
-0.005011124733
-0.0008504653425
0.5020938151
-0.09409241695
-0.5140922931
0.49615183
-0.05142664015
0.4936246371
-0.02643601081
0.4928881079
-0.01257547837
0.4930225878
-0.005145604199
-0.001351973497
0.6032440107
-0.07789220058
-0.6194442262
0.5946730634
-0.04285569226
0.5906419505
-0.02240489753
0.5890119655
-0.01094549271
0.5886127972
-0.004746435409
-0.001535625575
0.7235463205
-0.0571708379
-0.7442676823
0.7123953368
-0.0317047083
0.7067718813
-0.01678144178
0.7041918501
-0.008365461116
0.7032218197
-0.003776404613
-0.00137013456
0.8681295353
-0.03141281977
-0.8938875526
0.8539984676
-0.0175736404
0.8466245056
-0.009407479564
0.8430301989
-0.004771153928
0.84147911
-0.002225315037
-0.0008766636056
1.042803994
-1.074216813
1.025230353
1.015822874
1.01105172
1.008826406
0.1863568737
0.01706627474
-0.01448432474
0.1865167377
-0.002713547747
0.002553684191
0.1818963169
0.0355921337
-0.03097171204
0.1798577432
0.02570216374
-0.02366358871
0.177998796
0.04593412832
-0.04407517934
0.1791257125
0.04015046579
-0.04127738047
0.04558189082
-0.04938246351
0.2264110082
0.01899617565
0.2259273928
-0.002229932301
0.2226000613
0.03891946534
0.2212776175
0.02702460774
0.2216339029
0.04557784304
0.2248336758
0.03695069294
0.04070975188
0.2740477197
0.02090852703
0.2734079101
-0.00159012247
0.2715530589
0.04077431669
0.2716983676
0.02687929918
0.2745026362
0.04277357455
0.2786369983
0.03281633091
0.0344664266
0.3318183806
0.02260007658
0.3300320474
0.0001962109658
0.3316658556
0.03914050869
0.3327406743
0.02580448056
0.3380475004
0.03746674858
0.3426065638
0.02825726765
0.02791968532
0.4036925051
0.02196904663
0.4004050668
0.003483649591
0.4054464155
0.03409916013
0.4070028034
0.02424809283
0.4136854065
0.03078414551
0.4186603482
0.02328232605
0.02173682676
0.489914137
0.01917249789
0.4865928624
0.006804924429
0.4934683946
0.02722362804
0.4964405099
0.02127597774
0.5033188876
0.02390576784
0.50850588
0.01809533373
0.01615041329
0.5929049427
0.01497066842
0.5911748158
0.008535051578
0.5982079922
0.02019045177
0.6027761943
0.01670777583
0.6094511783
0.01723078389
0.6145124117
0.01303410038
0.01121859871
0.716479695
0.009964677689
0.717056795
0.00795795184
0.7238096285
0.01343761837
0.7291613847
0.01135601976
0.7353764895
0.01101567923
0.7400510598
0.00835953023
0.007001976237
0.8647429645
0.00506909647
0.8677268279
0.004974088528
0.8743851272
0.006779319238
0.8800842723
0.00565687477
0.8858228391
0.00527711267
0.8901827167
0.003999652882
0.003297140408
1.044232624
1.049206712
1.055986032
1.061642906
1.066920019
1.070919672
0.223276723
-0.004266058896
0.001960204357
0.2282953991
-0.007932358988
0.002913682194
0.2246272952
0.001820673222
0.00184743013
0.2217982677
0.001335089974
0.00149393691
0.2133848897
0.007079479267
0.00133389825
0.2043375116
0.007649376161
0.001398001387
0.01200502977
0.00134320584
0.2206106663
-0.003905856486
0.2235280213
-0.01084971448
0.2180680768
0.007280617026
0.2136779369
0.005725228975
0.2041579471
0.01659946797
0.1941773265
0.01762999546
0.02535675237
0.2154536782
0.001611334153
0.2142205189
-0.00961655592
0.2052064189
0.016294716
0.1979890417
0.01294260462
0.1868467045
0.02774180315
0.1755978995
0.02887879821
0.03806163778
0.208097878
0.2010350057
0.1863580089
0.1756370238
0.1593036467
0.1469050637
-3.839416233e-05
0.0001491919302
-0.0001928462619
0.0005877518014
-0.0005536507825
0.001338287569
-0.001261960328
0.002537466182
-0.002524534056
0.004324391081
-0.00461545413
0.006789039066
-0.007836102733
0.009896759837
-0.01240164906
0.01342890137
-0.01826735273
0.01693714293
-0.02481321885
0.01929952962
-0.03211061164
0.01954473083
0.002882814575
-0.03033769168
2.27929535e-05
0.000126398796
0.0001031618362
0.0005073827909
0.0002677734838
0.001173675711
0.0005473487298
0.00225789073
0.0009711621025
0.003900577545
0.001573590168
0.00618661082
0.002446878081
0.009023471728
0.003902823401
0.01197295585
0.006788244019
0.01405172213
0.01299139825
0.0130963752
0.02449092972
0.008045199221
-0.02483079391
0.05220453515
3.342672134e-05
9.297197753e-05
0.0001682322537
0.0003725768271
0.0004847134512
0.000857194493
0.001113782219
0.001628821804
0.002265962845
0.002748396738
0.004284623473
0.004167949969
0.007761112561
0.005546982421
0.01381260353
0.005921464674
0.02468145771
0.003182867743
0.04476626987
-0.006988437064
0.08019489551
-0.02738342644
-0.08573948387
0.1411035794
1.514622901e-05
7.782569253e-05
9.58231616e-05
0.0002918992928
0.0003328049845
0.0006202126827
0.00091301236
0.00104861426
0.002209349531
0.001452059355
0.004943313817
0.001433985434
0.01048007087
1.022515055e-05
0.02132729165
-0.004925756307
0.04173645021
-0.01722629097
0.07675446824
-0.04200645512
0.131201229
-0.08183018707
-0.1502605159
0.1957222551
3.11562562e-05
4.666939265e-05
0.0001913069922
0.0001317481054
0.0006551726703
0.0001563469205
0.001785627025
-8.184030057e-05
0.004308691408
-0.001071005264
0.009618396702
-0.00387572012
0.02022152739
-0.01059290577
0.04006963585
-0.02477386497
0.07335207466
-0.05050872992
0.1207579955
-0.08941237604
0.1771351421
-0.1382073337
-0.1955935229
0.2224681493
6.469298154e-05
-1.802369862e-05
0.0003576138321
-0.0001611731625
0.001124919939
-0.0006109594349
0.002833706997
-0.001790627674
0.006341749381
-0.004579047969
0.01313192981
-0.01066590087
0.02545474665
-0.02291572292
0.04557222144
-0.04489134005
0.07276345538
-0.07769996414
0.1010134531
-0.117662374
0.1237226705
-0.1609165513
-0.2107966725
0.1389258203
8.347701955e-05
-0.0001015008823
0.0004445373727
-0.0005222339945
0.001349662146
-0.001516084561
0.003270170402
-0.003711136325
0.006997701032
-0.008306578988
0.0137170591
-0.01738525932
0.02468587172
-0.03388453591
0.03958667604
-0.05979214476
0.05477162991
-0.09288491841
0.06634982303
-0.1292405676
0.07478236832
-0.169349097
-0.21822764
0.08221333575
8.534827049e-05
-0.0001868493693
0.0004443754158
-0.0008812616898
0.001319737313
-0.002391446892
0.003114137034
-0.005505536496
0.006437065251
-0.01162950764
0.01201713288
-0.02296532737
0.0200956653
-0.04196306874
0.0291704556
-0.0688669355
0.03680574595
-0.1005202092
0.04242688725
-0.1348617093
0.04706318242
-0.1739853927
-0.2223698502
0.05120539222
7.768792777e-05
-0.0002645375339
0.0003974865252
-0.001201060829
0.001158549314
-0.003152510129
0.002670554242
-0.007017541888
0.00535047765
-0.0143094315
0.009556527958
-0.02717137813
0.01502480682
-0.04743134808
0.02043986971
-0.07428199888
0.024607867
-0.1046882071
0.02743626148
-0.1376901044
0.02951377507
-0.1760629068
-0.2241355856
0.03127950999
6.623770421e-05
-0.0003307754556
0.0003329108867
-0.001467734534
0.0009539924385
-0.003773592102
0.002155487009
-0.008219036877
0.004206314147
-0.01636025906
0.007246583163
-0.03021164758
0.01089301285
-0.05107777822
0.01419646707
-0.0775854536
0.01649843891
-0.1069901794
0.01791734164
-0.1391090077
0.0189435701
-0.1770891358
-0.2249743657
0.01978234952
7.825176337e-05
-0.0004090274264
0.000390415007
-0.001779898341
0.001107903539
-0.004491081099
0.002466217092
-0.009577350863
0.004706881114
-0.0186009235
0.007857545392
-0.03336231228
0.01137209477
-0.05459232805
0.01429929833
-0.08051265765
0.01615032192
-0.1088412035
0.01713698
-0.1400956663
0.0176751642
-0.1776273205
-0.2251953267
0.01789612453
8.237855778e-05
-0.0004914061624
0.0004060322018
-0.002103552504
0.001136286326
-0.005221335667
0.002482584262
-0.01092364921
0.004617375428
-0.02073571506
0.007448360056
-0.03619329731
0.01036321774
-0.05750718615
0.01254432788
-0.08269376823
0.01368661662
-0.1099834928
0.0140536933
-0.1404627434
0.01399864068
-0.1775722684
-0.2248010035
0.01360431701
8.466442771e-05
-0.0005760707483
0.0004119589185
-0.002430847501
0.001135540877
-0.005944918073
0.00243167742
-0.01221978616
0.004402742532
-0.02270678056
0.006861532626
-0.0386520878
0.009181271379
-0.05982692531
0.01067922077
-0.08419171806
0.01119250307
-0.1104967755
0.01100587905
-0.1402761198
0.01036379181
-0.1769301816
-0.2237129603
0.009275748046
7.66396166e-05
-0.0006527105063
0.0003666373727
-0.002720845737
0.000993300811
-0.006571581925
0.002083263181
-0.01330974887
0.003672581674
-0.02429609938
0.005535575571
-0.04051508202
0.00712764081
-0.06141899089
0.0079444251
-0.08500850271
0.00793009282
-0.1104824436
0.007318787851
-0.1396648153
0.006249552054
-0.1758609462
-0.2221595746
0.004696166019
9.642530403e-05
-0.0007491359406
0.0004571510676
-0.003081572038
0.001222671508
-0.007337102808
0.002514081001
-0.01460115868
0.004307273671
-0.02608929234
0.006251955613
-0.04245976424
0.007692869726
-0.06285990529
0.008125123546
-0.08544075683
0.007519782624
-0.109877103
0.006091690067
-0.138236723
0.003927331894
-0.1736965883
-0.2191516989
0.0009194559856
0.0001159885467
-0.0008651245605
0.0005397228426
-0.003505306842
0.001410811966
-0.008208192353
0.002811494686
-0.01600184169
0.004612603903
-0.02789040182
0.006309056649
-0.04415621723
0.007147044573
-0.06369789346
0.006656066158
-0.08494977865
0.004816410716
-0.1080374478
0.001785021223
-0.1352053337
-0.002255507312
-0.1696560599
-0.213938577
-0.007468629113
0.0001216468829
-0.0009867714624
0.0005510128383
-0.003934673325
0.001391772584
-0.009048952505
0.002637376773
-0.01724744612
0.004002035927
-0.0292550612
0.004809202059
-0.04496338356
0.004267444693
-0.0631561363
0.00191543517
-0.08259776932
-0.002153146937
-0.1039688659
-0.007608009068
-0.1297504718
-0.01495042153
-0.1623136476
-0.2043298378
-0.0245591603
9.193505975e-05
-0.001078706488
0.0003922287271
-0.004234967525
0.000909846097
-0.009566570247
0.001486338335
-0.01782393856
0.001644686254
-0.02941340931
0.0005615021894
-0.04388019966
-0.002653320196
-0.05994131408
-0.008213172382
-0.0770379173
-0.01593995132
-0.09624208707
-0.02611262758
-0.1195777957
-0.03936796688
-0.1490583085
-0.1871370629
-0.05656074074
5.77302044e-06
-0.001084479463
-4.045892871e-05
-0.004188736182
-0.0003257458079
-0.009281283712
-0.001279887729
-0.01686979681
-0.003669458807
-0.02702383843
-0.008456949703
-0.03909270894
-0.01626368141
-0.05213458256
-0.02723667536
-0.06606492351
-0.04138080734
-0.08209795526
-0.05928417961
-0.1016744235
-0.08221627479
-0.1261262134
-0.1574050579
-0.1119482775
-0.0001223487725
-0.0009621307129
-0.00064135858
-0.003669726821
-0.001909169903
-0.008013472638
-0.004477209657
-0.0143017572
-0.009065345598
-0.02243570265
-0.01634764696
-0.03181040772
-0.02667430814
-0.04180792153
-0.04012799012
-0.05261124166
-0.05695854405
-0.06526740144
-0.07781443066
-0.08081853706
-0.1039543804
-0.09998626381
-0.1241724435
-0.1371869981
-0.0002440006587
-0.0007181301194
-0.001195744055
-0.002717983798
-0.003328965967
-0.00588025096
-0.00725861785
-0.01037210548
-0.01363619862
-0.01605812206
-0.02295658426
-0.02249002224
-0.03547427005
-0.02929023588
-0.05140785482
-0.03667765701
-0.07126335643
-0.04541189995
-0.09588846181
-0.05619343179
-0.1263036738
-0.069571052
-0.08645210584
-0.1640240139
-0.0003224422414
-0.0003956879306
-0.001550732012
-0.001489694265
-0.004226883066
-0.003204100066
-0.008986977953
-0.005612010724
-0.01642532704
-0.008619773118
-0.02693765461
-0.01197769481
-0.04073301139
-0.01549487924
-0.05810441663
-0.0193062519
-0.07970704854
-0.02380926816
-0.1065446164
-0.02935586408
-0.1398674467
-0.03624822184
-0.0448504405
-0.1814691136
-0.0003714339136
-0.001769889547
-0.004778568023
-0.01005145672
-0.01815840587
-0.02944020912
-0.04406560429
-0.06234184652
-0.08496992852
-0.1130104912
-0.147841878
-0.1912142672
-0.02796994665
-0.01244861101
-0.02392910097
-0.03373756228
-0.02016930199
-0.0611623192
-0.01438078222
-0.09356708688
-0.003299850856
-0.1295395757
0.02553949783
-0.1448289056
0.07411705215
-0.05839206682
0.1221885113
0.02195928625
0.1325648878
0.1778889999
0.1363355553
0.2928358313
0.1842740903
0.09304773947
0.2241440686
-0.02283944079
0.2119621222
-0.2832112575
0.2162128305
-0.4786813385
0.2231181324
0.1040705682
0.2196295679
0.4078356002
0.2142378524
0.03335191825
0.2093087603
-0.1394992538
-0.03209292661
0.05214925114
-0.01239332336
0.05145400616
-0.03304231
0.0466980237
-0.05640633111
0.03583409714
-0.0827031558
0.01683228778
-0.1105377654
0.01131552993
-0.1393121534
0.03919050038
-0.08626704677
0.0729578897
-0.01180810858
0.09993242102
0.1509144713
0.1362697347
0.2564985242
0.1887953118
0.04052216552
0.2302680757
-0.0643122053
0.2107901354
-0.2637333175
0.1995695594
-0.4674607616
0.2135498377
0.09009029095
0.216091788
0.4052936506
0.2125196557
0.03692405104
0.2079024892
-0.1348820868
-0.02867526228
0.1403709223
-0.01166067395
0.1376323843
-0.03030376682
0.1328514514
-0.05162538471
0.1231274458
-0.07297913475
0.09628564666
-0.08369595415
0.05974525395
-0.1027717572
0.05022308647
-0.07674488709
0.06548055166
-0.02706558555
0.104876555
0.1115184637
0.1563839278
0.2049911549
0.1936070531
0.003299043235
0.2225350734
-0.09324022467
0.1985774288
-0.239775672
0.1781536275
-0.4470369594
0.2001708384
0.06807308086
0.2103008689
0.3951636208
0.2089839673
0.0382409532
0.2050868345
-0.1309849536
-0.02678889194
0.1907684987
-0.006706933782
0.1827732666
-0.02230854407
0.170453943
-0.03930606484
0.1600781441
-0.06260333525
0.1480831319
-0.07170093455
0.1285311372
-0.08321974549
0.1090728176
-0.05728654939
0.0958565204
-0.0138492843
0.1260828573
0.08129211527
0.1742352626
0.1568387366
0.1944765233
-0.01694222111
0.206163429
-0.1049271281
0.1818587653
-0.2154710074
0.1549372335
-0.420115429
0.1796950545
0.04331525872
0.1997058232
0.3751528516
0.2041510529
0.03379572322
0.2015221869
-0.1283560878
-0.02705749791
0.24650009
-0.002917243571
-0.2502897834
0.2420463407
-0.0178548003
0.2329481244
-0.03020785707
0.2212668389
-0.05092205876
0.2045902446
-0.05502434679
0.1860489789
-0.06467848102
0.1694656952
-0.04070326078
0.1428024685
0.01281394911
0.1448648085
0.07922977725
0.1886876003
0.1130159413
0.2132396288
-0.04149425357
0.2207482465
-0.1124357481
0.2065163331
-0.2012390958
0.1565494965
-0.3701485942
0.1433011071
0.05656364654
0.1678106733
0.3506432842
0.1831737932
0.01843260238
0.1763744097
-0.1215567049
-0.02256755431
0.2924769254
-0.001266559274
-0.2941276114
0.2874161221
-0.01279399681
0.277793628
-0.02058536296
0.2648045716
-0.03793300244
0.2484793727
-0.0386991481
0.2299527667
-0.04615187506
0.2212933576
-0.03204385166
0.2135284646
0.02057884188
0.2275097249
0.06524851662
0.2673303365
0.07319532939
0.2760370163
-0.05020093348
0.2683452401
-0.1047439722
0.2453292254
-0.1782230812
0.1800928735
-0.3049122425
0.1615595494
0.0750969706
0.2040952016
0.308107632
0.2250712304
-0.002543426424
0.2136614197
-0.1101468941
-0.01614544599
0.3428103672
0.0008968997273
-0.344973828
0.3381368004
-0.00812042984
0.3300473634
-0.01249592608
0.3177814989
-0.02566713797
0.3044223947
-0.02534004398
0.2881614277
-0.02989090819
0.2789226226
-0.0228050466
0.2835122462
0.01598921821
0.3076117211
0.04114904153
0.3393686893
0.04143836108
0.3337649885
-0.04459723289
0.3162668522
-0.08724583602
0.2941996239
-0.1561558531
0.2146732099
-0.2253858286
0.1898080102
0.09996217031
0.2559759986
0.2419396435
0.2796136127
-0.02618104047
0.2603003066
-0.09083358802
-0.007351413808
0.3998797339
0.002599002534
-0.4015818384
0.395623541
-0.003864236949
0.3894327474
-0.006305132531
0.37926439
-0.01549878063
0.3690949461
-0.0151706002
0.3579186272
-0.01871458929
0.3494811841
-0.01436760351
0.3575595446
0.00791085769
0.3785984257
0.02011016042
0.4001325936
0.0199041931
0.3947994558
-0.03926409521
0.3716230568
-0.06406943721
0.3421266417
-0.1266594381
0.2651700388
-0.1484292258
0.254592434
0.1105397752
0.3347897602
0.1617423174
0.3491894459
-0.04058072609
0.3203565226
-0.06200066472
0.002750874505
0.467733529
0.003468966484
-0.4686034945
0.4647915546
-0.0009222626291
0.4606333757
-0.002146953773
0.4533313809
-0.008196785889
0.4461549161
-0.007994135522
0.4384368545
-0.01099652761
0.4323856099
-0.008316358936
0.4386726651
0.001623802525
0.4525991807
0.006183644818
0.4656523328
0.006851041029
0.4615059982
-0.03511776064
0.4413788087
-0.04394224778
0.4076872024
-0.09296783183
0.3515396285
-0.09228165185
0.3643961361
0.09768326751
0.4326603994
0.09347805422
0.4305056244
-0.03842595106
0.4000722189
-0.03156725915
0.01034305866
0.5495271203
0.003575855128
-0.5496340103
0.5476897056
0.0009151518591
0.5452335506
0.0003092011624
0.5406368673
-0.003600102662
0.5359009236
-0.003258191838
0.5312284317
-0.006324035686
0.5276494931
-0.004737420361
0.530992883
-0.001719587288
0.5389067958
-0.001730267969
0.5458906538
-0.0001328169579
0.5385607679
-0.02778787473
0.5239620996
-0.02934357947
0.4944033647
-0.06340909694
0.4585201431
-0.05639843016
0.4872847329
0.06891867774
0.5300115241
0.05075126313
0.5178590777
-0.02627350446
0.4976321123
-0.01134029363
0.0118289363
0.648489731
0.003096849659
-0.6480107267
0.647777912
0.001626970628
0.6467796555
0.001307457579
0.644193027
-0.001013474299
0.6419298886
-0.0009950533665
0.6388224791
-0.003216626183
0.6369152961
-0.002830237271
0.6379219624
-0.002726253584
0.6405393384
-0.004347643875
0.6439874386
-0.003580917094
0.6366227396
-0.02042317566
0.6268386885
-0.01955952836
0.60095995
-0.0375303583
0.577655729
-0.03309420909
0.607914882
0.03865952489
0.6320760037
0.02659014164
0.6196217056
-0.01381920618
0.6107475536
-0.002466141475
0.009149357524
0.7683694034
0.002243158485
-0.7675157134
0.7684886943
0.001507679541
0.7684638778
0.001332273906
0.7674503387
6.477002795e-08
0.7665392179
-8.393257888e-05
0.7648477695
-0.001525177709
0.7637186066
-0.001701074348
0.7634114908
-0.002419137734
0.7632787316
-0.004214884521
0.7637673902
-0.004069575623
0.7560072064
-0.01266299173
0.7485127437
-0.01206506555
0.7315290635
-0.02054667806
0.7163059051
-0.01787105047
0.7371109994
0.01785443083
0.7508821669
0.0128189744
0.7432377904
-0.006174829545
0.7403276588
0.0004439902989
0.005711095877
0.9151576288
0.001102670406
-0.9140171418
0.9158683807
0.0007969273864
0.9165202182
0.0006804361775
0.9163459891
0.0001742937822
0.9162295748
3.248168502e-05
0.9153748191
-0.0006704219566
0.9146298525
-0.0009561077088
0.9137237825
-0.001513067653
0.9120294288
-0.002520530693
0.9107147648
-0.002754911543
0.9041928745
-0.006141101283
0.8981667947
-0.006038985634
0.8863525306
-0.008732413785
0.8756654601
-0.007183979713
0.8877868955
0.005732995641
0.8963107404
0.0042951298
0.8919913061
-0.001855394979
0.8915334372
0.000901859346
0.002517789226
1.092473939
-1.09137127
1.093270866
1.093951302
1.094125596
1.094158077
1.093487656
1.092531548
1.09101848
1.08849795
1.085743038
1.079601937
1.073562952
1.064830538
1.057646558
1.063379554
1.067674684
1.065819289
1.066721149
0.2169802951
0.01763089295
-0.21482884
0.2199900981
0.02826970699
0.2243082108
0.04688728016
0.230062589
0.07645895933
0.2406029988
0.1283854114
0.2127813589
0.2562131084
0.01549365656
-0.2540758735
0.2591547835
0.02532803179
0.263757649
0.04228441503
0.2697754975
0.07044111109
0.2807626123
0.1173982965
0.1994163597
0.3020269819
0.01338555344
-0.2999188804
0.305020244
0.02233476922
0.309628186
0.03767647253
0.316298019
0.06377127702
0.3268305474
0.1068657686
0.1812730823
0.3562050754
0.01138273837
-0.3542022622
0.3591875542
0.01935228996
0.3637948936
0.03306913251
0.3710423887
0.05652378149
0.382222011
0.09568614747
0.1619132563
0.4210554136
0.009477601774
-0.4191502791
0.424005001
0.01640270234
0.4286804858
0.02839364746
0.4362436573
0.04896060988
0.448265605
0.0836642004
0.1415753663
0.4990339245
0.007657789777
-0.4972141145
0.5019621267
0.01347449998
0.5067608702
0.02359490381
0.514685201
0.04103627888
0.5277429356
0.07060646569
0.1196842904
0.5927903401
0.005866031594
-0.5909985842
0.5957888744
0.01047596545
0.6008466636
0.0185371144
0.6093979968
0.03248494537
0.6238044649
0.05619999711
0.09547802751
0.7060190841
0.004045946375
-0.7041990008
0.7091770887
0.007317960626
0.7146513358
0.01306286708
0.7240943965
0.02304188426
0.7402577417
0.04003665136
0.06822005514
0.8434859234
0.002099784254
-0.8415397643
0.8469560532
0.003847830251
0.8530906034
0.006928316438
0.8638364139
0.01229607331
0.8824266598
0.02144640487
0.03662957264
1.010223075
-1.008123293
1.014070904
1.020999221
1.033295293
1.054741697
0.2104033643
0.007200888923
-0.2083285066
0.2125563194
0.01145136117
0.01562360403
0.2499299303
0.005363267138
-0.2480923101
0.2519285732
0.009452717553
0.01347630384
0.2959561429
0.003716852442
-0.2943097298
0.2978358477
0.007573011874
0.01139327129
0.3506257354
0.002365756499
-0.3492746411
0.3522749028
0.005923843643
0.009465912012
0.4159649631
0.001313100503
-0.4149123089
0.417380624
0.004508182069
0.007696256907
0.4944040664
0.0005590544771
-0.4936500222
0.4955938128
0.00331843515
0.006075955068
0.588478971
7.067818916e-05
-0.5879905967
0.5894799329
0.002317472543
0.004557303646
0.7018772752
-0.0001541668092
-0.7016524316
0.7027282954
0.001466451603
0.003086598284
0.8392461882
-0.0001911166553
-0.8392092407
0.8400233316
0.0006893068963
0.001570165654
1.005863821
-1.00605494
1.006553127
0.1929846185
-0.118543546
-0.1863893484
0.1975252643
-0.06110138694
0.2013341668
-0.02836806302
0.2042865819
-0.01042104462
0.2065089289
-0.001302891543
0.002876588318
0.2371471525
-0.1219599602
-0.2337307396
0.240156063
-0.06411029896
0.2426323429
-0.03084434369
0.2446838639
-0.01247256641
0.246524737
-0.003143765369
0.001309015119
0.2882605898
-0.121264502
-0.2889560496
0.2889131046
-0.06476281461
0.289982397
-0.03191363664
0.2914857595
-0.01397592953
0.2929615319
-0.004619538616
-3.918281891e-05
0.3482416337
-0.1167101352
-0.3527960021
0.346614209
-0.06313539057
0.3466017131
-0.03190114098
0.3473407029
-0.01471491986
0.3483138192
-0.005592655666
-0.001000004787
0.4193091332
-0.1082857122
-0.4277335578
0.415407842
-0.05923409982
0.4139960318
-0.03048933108
0.4138411173
-0.014560006
0.4142657569
-0.006017295938
-0.001646556854
0.5037329601
-0.09579978766
-0.5162188861
0.4973631694
-0.05286430951
0.4944799288
-0.02760609079
0.4934490258
-0.01352910357
0.4933411124
-0.005909383138
-0.001955466798
0.6040369815
-0.07906516525
-0.6207716053
0.5950033776
-0.04383070587
0.5906012537
-0.02320396713
0.5886611451
-0.0115889956
0.5880086751
-0.00525691386
-0.001937388498
0.7235357042
-0.05786354618
-0.7447373244
0.7119866152
-0.03228161712
0.706029543
-0.01724689509
0.7031774205
-0.008736873578
0.7019896439
-0.004069137821
-0.00160017628
0.8674534673
-0.03172300175
-0.8935940128
0.8529999065
-0.0178280566
0.8453624652
-0.009609453925
0.8415560182
-0.004930427408
0.8398363198
-0.002349440408
-0.0009730973033
1.041745418
-1.07346842
1.023917361
1.014307907
1.009377479
1.007028037
0.186546787
0.02100299075
-0.01861095528
0.1866837347
0.003961732301
-0.004098681246
0.1826114098
0.03772578392
-0.03365346074
0.1812295561
0.02694539006
-0.02556353836
0.1798692612
0.04768800329
-0.04632771075
0.181983457
0.04076108457
-0.04287528285
0.04674392982
-0.0511498223
0.2266624597
0.02268143973
0.2263978746
0.004226317013
0.2236225128
0.04050114531
0.2229499074
0.02761799508
0.2240012105
0.04663669986
0.2280531684
0.03670912632
0.04106635922
0.2744402685
0.02420124199
0.274420811
0.004245774197
0.2729553845
0.04196657135
0.2736052891
0.02696809021
0.27720058
0.04304140867
0.2819076907
0.03200201531
0.03401800058
0.3323815273
0.02532964447
0.331651085
0.004976216147
0.3334521137
0.04016554226
0.3347297595
0.02569044412
0.3407520429
0.03701912505
0.3456534766
0.02710058121
0.02687547514
0.4042981583
0.02409296086
0.4023349668
0.006939407383
0.407422123
0.03507838573
0.4090356084
0.02407695841
0.4161828384
0.02987189476
0.4212704437
0.02201297555
0.02041236096
0.490489518
0.02072103056
0.4884039903
0.009024934687
0.4955266221
0.02795575368
0.4985420819
0.0210614984
0.5055687705
0.02284520585
0.5106734473
0.01690829838
0.01486692198
0.593402794
0.01602134927
0.5926368026
0.009790925722
0.6000067862
0.02058576981
0.6046645953
0.016403689
0.6112400078
0.0162697931
0.6160928024
0.01205550345
0.01018811881
0.7169067444
0.01058830849
0.7181396829
0.008557986964
0.7251491118
0.01357634058
0.7305239333
0.01102886727
0.7364815095
0.01031221668
0.7408630887
0.007673923865
0.006313882815
0.8650905249
0.005345166207
0.8684743795
0.005174132153
0.8752625166
0.006788203218
0.880848762
0.005442621662
0.8862477665
0.004913211822
0.8902583656
0.003663324363
0.002978235357
1.044508693
1.049682825
1.056471028
1.06191365
1.066826861
1.070490185
0.2232688589
-0.0003377855561
0.2282195392
-0.002036998241
0.2245864207
0.005480548678
0.2218433402
0.004237017543
0.2134810932
0.009696145442
0.2044807563
0.01039833852
0.01460969502
0.2205732983
5.978525558e-05
0.223299366
-0.004763065905
0.2179865126
0.01079340238
0.2138505978
0.008372932882
0.2044294646
0.01911727954
0.1945955655
0.02023223863
0.02773614703
0.2153822559
0.00564839858
0.21386442
-0.003245229795
0.2051757737
0.01948204933
0.1982739036
0.01527480414
0.1873339676
0.03005721721
0.1763727042
0.03119350383
0.04008483708
0.2080083129
0.2006644023
0.1864929915
0.1762042579
0.159933765
0.1482519862
)
;

boundaryField
{
    cylinder
    {
        type            calculated;
        value           uniform 0;
    }
    jet
    {
        type            calculated;
        value           uniform 0;
    }
    inlet
    {
        type            calculated;
        value           nonuniform List<scalar> 
28
(
-0.1889388235
-0.228340909
-0.275960071
-0.33350993
-0.403061475
-0.487117588
-0.588703113
-0.711473704
-0.859847383
-1.039163527
-0.2209708691
-0.2209708691
-0.2209708692
-0.2209708691
-0.1889388235
-0.228340909
-0.275960071
-0.33350993
-0.403061475
-0.487117588
-0.588703113
-0.711473704
-0.859847383
-1.039163527
-0.2209708691
-0.2209708691
-0.2209708692
-0.2209708691
)
;
    }
    outlet
    {
        type            calculated;
        value           nonuniform List<scalar> 
28
(
0.2049834001
0.2040034017
0.2028178909
0.2016739164
0.1725305508
0.2097478152
0.2581699405
0.3237997383
0.4105977556
0.5110424988
0.6215397367
0.7472332012
0.8965736124
1.070000073
0.2051409762
0.2044848251
0.2032004643
0.2017907929
0.1718844659
0.2072393114
0.2515062745
0.3102542343
0.3924800349
0.4961462347
0.6134271325
0.7437659206
0.8947267439
1.069238938
)
;
    }
    topAndBottom
    {
        type            calculated;
        value           uniform 0;
    }
    frontAndBack
    {
        type            empty;
        value           nonuniform List<scalar> 0();
    }
}


// ************************************************************************* //
