/*--------------------------------*- C++ -*----------------------------------*\
  =========                 |
  \\      /  F ield         | OpenFOAM: The Open Source CFD Toolbox
   \\    /   O peration     | Website:  https://openfoam.org
    \\  /    A nd           | Version:  9
     \\/     M anipulation  |
\*---------------------------------------------------------------------------*/
FoamFile
{
    format      ascii;
    class       surfaceScalarField;
    location    "0";
    object      phi_0;
}
// * * * * * * * * * * * * * * * * * * * * * * * * * * * * * * * * * * * * * //

dimensions      [0 3 -1 0 0 0 0];

internalField   nonuniform List<scalar> 
3068
(
-7.703152742e-05
-3.393407846e-05
0.0001109656724
-0.0003758774396
-0.0001349839734
0.0004338297236
-0.00104740523
-0.0003067883717
0.0009783161306
-0.002306147209
-0.0005710345875
0.001829776487
-0.004432020183
-0.0009348952183
0.003060768132
-0.007754277852
-0.00137020173
0.004692459333
-0.0126099376
-0.001805319182
0.006660978868
-0.01927806954
-0.002163348536
0.008831480409
-0.02786027816
-0.002429016309
0.01101122486
-0.03799872978
-0.002504101409
0.01264255299
-0.04920026613
-0.0008367928799
0.0120383292
-0.004828995622
-0.04862714297
0.004255872923
-6.290729826e-05
2.897342793e-05
-0.0003069595338
0.0001090680035
-0.0008512161461
0.0002374683531
-0.001853093917
0.0004308432334
-0.003494348861
0.0007063597329
-0.005941339696
0.00107678911
-0.00927518002
0.00152852116
-0.0133936556
0.00195512707
-0.0178335203
0.002010848422
-0.02099449366
0.000656871987
-0.02160580557
-0.0002254809822
-0.02078367938
-0.005651120017
-3.465283666e-05
6.362635872e-05
-0.0001670424731
0.0002414578288
-0.0004547660911
0.0005251918828
-0.0009591508601
0.0009352280556
-0.001710433005
0.001457641906
-0.002624031408
0.001990387575
-0.003328792244
0.002233282057
-0.002827352944
0.001453687834
0.001152741385
-0.001969245834
0.01172406665
-0.009914453268
0.03580504757
-0.02430646191
-0.06504793218
0.08006930436
-6.215362219e-06
6.984174997e-05
-2.028679473e-05
0.0002555297078
-2.15459494e-05
0.0005264508759
6.252970707e-05
0.0008511524727
0.000431242321
0.001088929362
0.00156936222
0.0008522677847
0.004555875224
-0.0007532308627
0.01157577195
-0.005566208817
0.02645733626
-0.01685081006
0.05461061285
-0.03806772984
0.1019832169
-0.07167906604
-0.1286061532
0.1655414433
3.190223739e-05
3.793951806e-05
0.0001834340543
0.0001039982015
0.0005999754623
0.0001099093883
0.001579051451
-0.0001279234179
0.00371868957
-0.001050708675
0.00818546178
-0.003614504324
0.0171366307
-0.009704399708
0.0341105629
-0.02254014096
0.06325673106
-0.04599697818
0.1069219353
-0.081732934
0.1621294211
-0.1268865518
-0.1798579703
0.213381238
6.072278869e-05
-2.278320794e-05
0.0003328802544
-0.000168159016
0.001039067043
-0.0005962773125
0.002598097638
-0.001686953834
0.005776354964
-0.00422896584
0.01190987711
-0.009748026308
0.02307983145
-0.02087435389
0.04160795222
-0.04106826157
0.06751990972
-0.0719089355
0.09612632077
-0.1103393448
0.1214502291
-0.1522104599
-0.2002190094
0.141811268
7.618700188e-05
-9.897011231e-05
0.0004059072374
-0.000497878966
0.001233186431
-0.001423556324
0.002991115652
-0.003444882815
0.006413218622
-0.007651068584
0.0126220162
-0.01595682366
0.02290881847
-0.03116115595
0.03734624693
-0.05550568979
0.05284493257
-0.08740762086
0.06539902497
-0.1228934369
0.07498548645
-0.1617969211
-0.2089433369
0.08370981403
7.832818551e-05
-0.0001772981584
0.0004085505128
-0.0008281009528
0.001215752237
-0.002230757782
0.00287667507
-0.005105805356
0.005971904796
-0.01074629803
0.01123163682
-0.0212165554
0.01903359446
-0.03896311331
0.02816474762
-0.06463684264
0.03618137066
-0.09542424357
0.04226452417
-0.1289765901
0.0475186369
-0.1670510335
-0.214241053
0.05281635331
7.186094121e-05
-0.0002491589426
0.0003684434958
-0.001124683184
0.001076526028
-0.002938840026
0.002490207602
-0.006519486614
0.005016887784
-0.0132729779
0.009044188266
-0.02524385557
0.01443164337
-0.04435056809
0.01997476824
-0.07017996716
0.02441186735
-0.09986134229
0.02758541257
-0.1321501349
0.03012078026
-0.1695864008
-0.2166252259
0.0325049536
6.165260829e-05
-0.0003108114066
0.0003105948567
-0.00137362511
0.0008925256879
-0.003520770574
0.002024744127
-0.007651704767
0.003976216182
-0.01522444967
0.006920498216
-0.02818813731
0.01055816557
-0.04798823512
0.01398401447
-0.07360581571
0.01648562729
-0.1023629547
0.01813033611
-0.1337948433
0.01943862301
-0.1708946873
-0.2178886186
0.02070201617
7.322055839e-05
-0.0003840318297
0.0003662748528
-0.00166667904
0.001042643492
-0.004197138889
0.002331418676
-0.008940479655
0.004480801512
-0.01737383222
0.007561842607
-0.03126917811
0.01110609296
-0.05153248518
0.01417865171
-0.07667837413
0.01623008253
-0.1044143852
0.01744416899
-0.1350089295
0.01828390209
-0.17173442
-0.2185353908
0.01893067475
7.753295524e-05
-0.000461564674
0.000383199807
-0.001972345566
0.001075999298
-0.004889938073
0.002362422971
-0.01022690305
0.004427072374
-0.01943848137
0.007222348706
-0.03406445419
0.01019460975
-0.05450474595
0.01252240096
-0.07900616506
0.01384964992
-0.1057416339
0.01442333185
-0.1355826111
0.01463294523
-0.1719440331
-0.2185083894
0.01460594412
8.013273891e-05
-0.0005416973224
0.000391073229
-0.002283285753
0.001081902725
-0.005580767269
0.00232907072
-0.01147407078
0.004250602606
-0.02136001301
0.006700967209
-0.03651481854
0.009094544483
-0.05689832297
0.01073461288
-0.08064623319
0.01141552411
-0.1064225448
0.01141555402
-0.1355826407
0.01102093356
-0.1715494124
-0.2177544332
0.01026697767
7.295329875e-05
-0.0006146505473
0.0003500831036
-0.002560415268
0.0009520637748
-0.006182747665
0.002007772663
-0.01252977946
0.003568549294
-0.02292078945
0.005441465522
-0.03838773459
0.007106869778
-0.05856372704
0.008044198631
-0.08158356185
0.008166443975
-0.10654479
0.007710120286
-0.1351263169
0.006847582875
-0.1706868748
-0.216466973
0.005560122779
9.23267021e-05
-0.0007069771921
0.0004391350748
-0.002907223302
0.001179202954
-0.006922815251
0.002438848985
-0.01378942532
0.004214540993
-0.0246964813
0.006191443133
-0.04036463659
0.007732410013
-0.06010469378
0.008307908924
-0.08215906063
0.007867613914
-0.1061044948
0.00663170441
-0.1338904072
0.004735916482
-0.1687910868
-0.2138069594
0.002075902749
0.0001118282223
-0.00081880541
0.0005221525019
-0.003317547276
0.001370821179
-0.007771483665
0.00274920932
-0.01516781332
0.004553221922
-0.0265004938
0.006312257797
-0.04212367237
0.007281557932
-0.06107399383
0.00695950613
-0.08183700875
0.005331999432
-0.1044769881
0.002551194382
-0.1311096021
-0.001267398396
-0.164972494
-0.208961091
-0.006113267185
0.0001181870673
-0.0009369925218
0.000537405162
-0.003736765044
0.001364267423
-0.008598345681
0.0026052043
-0.0164087501
0.004001885214
-0.02789717464
0.00490872528
-0.04303051239
0.004530084053
-0.06069535256
0.002386325191
-0.07969324985
-0.001491701659
-0.1005989612
-0.006678966263
-0.1259223375
-0.01365457384
-0.1579968864
-0.1997522089
-0.02286345672
8.978730775e-05
-0.001026779919
0.000385177343
-0.004032154737
0.0009006340239
-0.009113802144
0.001492689372
-0.01700080541
0.00170954227
-0.0281140275
0.0007488285003
-0.04206979862
-0.002269432612
-0.05767709144
-0.007603823993
-0.07435885848
-0.01506475368
-0.09313803155
-0.02493522206
-0.1160518692
-0.03777610258
-0.1451560059
-0.182993938
-0.05453437493
5.153612419e-06
-0.001031933625
-4.000561693e-05
-0.003986995087
-0.0003142257281
-0.008839581833
-0.001229690925
-0.01608534017
-0.003528019233
-0.02581569916
-0.008156086334
-0.03744173152
-0.01575782247
-0.05007535532
-0.02648878956
-0.06362789142
-0.04034464136
-0.0792821798
-0.05789694481
-0.09849956579
-0.08038473243
-0.1226682183
-0.1537708433
-0.10960783
-0.0001214897322
-0.00091044392
-0.0006350261518
-0.003473458389
-0.001885647809
-0.007588960062
-0.00441297937
-0.01355800861
-0.008924676066
-0.02130400245
-0.01609287815
-0.03027352945
-0.02627714034
-0.03989109315
-0.03956439535
-0.05034063646
-0.05619354405
-0.06265303116
-0.0768054747
-0.07788763519
-0.1026537072
-0.09681998583
-0.1208456281
-0.1355789192
-0.0002425465793
-0.0006678973273
-0.001187668202
-0.002528336559
-0.003304091466
-0.005472536702
-0.00719999057
-0.009662109481
-0.01352161609
-0.01498237691
-0.02276426965
-0.02103087588
-0.03518478753
-0.02747057529
-0.05099988799
-0.03452553604
-0.07071033329
-0.04294258592
-0.09516228891
-0.05343567961
-0.1253900887
-0.06659218611
-0.08334664619
-0.1628890682
-0.000321332976
-0.0003465643487
-0.001544877794
-0.00130479166
-0.004209652118
-0.002807762354
-0.008948088609
-0.004923673002
-0.01635208494
-0.007578380592
-0.02681826948
-0.01056469136
-0.04055825216
-0.01373059265
-0.05786524996
-0.01721853828
-0.07938967381
-0.02141816213
-0.1061299543
-0.02669539921
-0.139338016
-0.03338412442
-0.04186196981
-0.180822691
-0.0003708836891
2.431934046e-05
-0.001767143083
9.146773092e-05
-0.004770770613
0.0001958651531
-0.01003423935
0.0003397956943
-0.01812630581
0.0005136858199
-0.02938785562
0.0006968583866
-0.04398893092
0.000870482566
-0.06223844523
0.001030975953
-0.08483858814
0.001181980696
-0.1128496446
0.001315657139
-0.1476501516
0.001416382493
-0.1909883991
0.001476278109
-0.04185157591
0.003760692173
-0.01053626114
-0.03178259455
0.02012792572
-0.03019690937
-0.01799397405
0.0440735161
-0.05786213739
0.001133524741
0.06888610627
-0.08801360425
0.03276232548
0.08658360521
-0.1182124042
0.07654939152
0.07081850609
-0.1146055712
0.1227591761
-0.03826139922
-0.007948386293
0.170333584
-0.1188963131
0.07132190371
0.1735454667
-0.1929649052
0.1897530222
0.1545423007
-0.2774302753
0.296433442
0.1811583603
-0.1649968779
0.138380819
0.212829801
-0.04584796711
0.01417652693
0.2145374684
0.2967154579
-0.298423125
0.2296722183
0.4569479761
-0.4720827257
0.2254287006
-0.1118916126
0.1161351307
0.2171725897
-0.3959009678
0.4041570791
0.2125863014
-0.02054938779
0.02513567677
0.2088029251
0.148588208
-0.1448048311
0.03958728481
-0.03576878953
0.002634923075
-0.004525354418
0.01471799523
0.008044849646
0.03424245935
0.02454905152
0.05944939356
0.04367917334
0.092903389
0.05312961122
0.1329154244
0.0308064701
0.1594746158
-0.06482059323
0.1823235812
-0.1417452801
0.182643058
-0.1932843814
0.1623728397
-0.2571600561
0.1665895944
-0.1692136323
0.1881583005
-0.06741667293
0.2112192029
0.2736545563
0.2345561442
0.4336110356
0.2246085638
-0.1019440317
0.2119358528
-0.3832282563
0.2080479559
-0.01666149037
0.2062455563
0.1503906081
0.04182271763
0.07818941641
-0.002645458043
0.08352631089
0.002707959929
0.09807397862
0.01000138068
0.1203032766
0.02144986372
0.1481831455
0.0252497265
0.1752360708
0.003753533926
0.1862720138
-0.07585653608
0.182422361
-0.13789562
0.1692062682
-0.1800682823
0.1519792319
-0.2399330182
0.1384754013
-0.1557098035
0.151767541
-0.08070881433
0.1961238044
0.2292982934
0.2282217402
0.4015131011
0.2179704575
-0.09169274831
0.2026614064
-0.3679192048
0.201029606
-0.01502968953
0.2024491161
0.1489710982
0.04143976861
0.1573818309
0.00551416901
0.1536470709
0.006442725114
0.1559742231
0.007674226329
0.1660093245
0.01141475391
0.1822983904
0.008960649697
0.1923259318
-0.006274013628
0.1910290114
-0.07455961385
0.1787646046
-0.1256312087
0.1551997603
-0.1565034366
0.1382225355
-0.2229557947
0.1179791439
-0.1354664137
0.112725812
-0.07545548441
0.1635030644
0.1785210395
0.2110764205
0.3539397444
0.2088516339
-0.08946796223
0.1913948738
-0.3504624451
0.1913273193
-0.01496213535
0.1973095132
0.1429889042
0.03705115247
0.2248574703
0.01227903126
-0.231622334
0.2201247483
0.01117544732
0.2174904675
0.01030850992
0.2189319601
0.00997326691
0.2281392515
-0.0002466347587
0.2356757483
-0.01381050531
0.2361613455
-0.07504521026
0.2252918321
-0.1147616979
0.2032160379
-0.1344276457
0.1764779863
-0.1962177453
0.1415208373
-0.1005092655
0.1000577317
-0.03399237923
0.116058109
0.1625206609
0.1841284465
0.2858694051
0.2076153855
-0.1129549025
0.1791323478
-0.3219794083
0.1642725775
-0.0001023657567
0.1691300187
0.1381314626
0.0336210903
0.2821936631
0.01330417231
-0.2832188036
0.282128075
0.01124103505
0.28390253
0.00853405466
0.2870298673
0.006845929333
0.2926404134
-0.005857181104
0.2966139664
-0.01778405833
0.2871258967
-0.06555714069
0.2655980576
-0.09323385878
0.2392967524
-0.1081263405
0.2071784223
-0.1640994151
0.1739656562
-0.06729649948
0.1346101636
0.005363113242
0.155852693
0.1412781315
0.2384743502
0.2032477478
0.255995403
-0.1304759553
0.212360197
-0.2783442023
0.1935285321
0.01872929917
0.2040262531
0.1276337417
0.0278511906
0.3392911325
0.01240563221
-0.3383925914
0.340403817
0.01012835034
0.3427660219
0.006171849681
0.3460212757
0.003590675394
0.3490200833
-0.008855988758
0.3490125527
-0.01777652782
0.3370406461
-0.05358523409
0.3169977192
-0.07319093178
0.2947234743
-0.08585209555
0.2581191382
-0.1274950791
0.2309512154
-0.04012857671
0.2133614655
0.02295286318
0.2397070734
0.1149325236
0.3116349046
0.1313199166
0.3121727099
-0.1310137606
0.2506752973
-0.2168467896
0.2295454707
0.03985912586
0.2493920904
0.1077871219
0.01900139967
0.4019680141
0.01063341888
-0.4001957994
0.403427114
0.008669250281
0.4053637094
0.004235254281
0.4073690601
0.001585324647
0.4080095374
-0.009496466094
0.406024466
-0.01579145637
0.3934306508
-0.04099141883
0.3744914492
-0.05425173015
0.3539687938
-0.06532944015
0.3196957807
-0.09322206591
0.3015893656
-0.02202216168
0.3081436187
0.01639861011
0.3411474679
0.08192867441
0.3909638006
0.08150358388
0.3718121745
-0.1118621344
0.2978605356
-0.1428951506
0.282918793
0.05480086854
0.3135748473
0.07713106777
0.008690713685
0.4735485007
0.008427369083
-0.4713424496
0.4751953072
0.007022443809
0.4765280014
0.002902560068
0.477568018
0.0005453080751
0.4764520597
-0.008380507766
0.4733635617
-0.01270295834
0.4624415301
-0.03006938715
0.4471907557
-0.03900095577
0.4274463393
-0.04558502368
0.3970275439
-0.06280327053
0.3882326685
-0.01322728625
0.4014831384
0.003148140188
0.4318942385
0.05151757436
0.4649266499
0.04847117249
0.4386818912
-0.08561737563
0.3741726787
-0.07838593811
0.3726415101
0.05633203725
0.4038617601
0.04591081787
0.001892526214
0.5571073493
0.006297750085
-0.5549777292
0.5587879454
0.005341847785
0.5596311144
0.002059391139
0.5599301328
0.0002462896384
0.5578343492
-0.006284724108
0.5544735215
-0.00934213065
0.5447368487
-0.02033271425
0.5315120235
-0.02577613057
0.5163038482
-0.03037684845
0.4943924315
-0.0408918538
0.4903131648
-0.009148019533
0.4982471481
-0.004785843052
0.5207291951
0.02903552736
0.5429120369
0.02628833068
0.5164104565
-0.05911579515
0.475768928
-0.03774440948
0.4882388025
0.04386216285
0.5095974329
0.02455218761
0.0004356284809
0.6560846966
0.004361947778
-0.6541488933
0.6577124795
0.003714064942
0.6582794894
0.001492381224
0.6583391519
0.0001866272163
0.6560936448
-0.004039217044
0.6529190008
-0.006167486596
0.6451222586
-0.01253597215
0.63569183
-0.016345702
0.6238930757
-0.01857809412
0.6078791246
-0.02487790283
0.6060780183
-0.007346913175
0.6076186288
-0.006326453604
0.6237894953
0.01286466088
0.6383888617
0.01168896432
0.6144337745
-0.03516070786
0.5938813652
-0.01719200005
0.6104147037
0.02732882449
0.6220754511
0.01289144041
0.0009862875024
0.7748060334
0.002698857092
-0.773142942
0.7762203037
0.002299794718
0.7767097679
0.001002916993
0.7767509434
0.0001454517401
0.7749232915
-0.002211565211
0.7723544873
-0.003598682396
0.7667645359
-0.006946020854
0.7595956093
-0.009176775429
0.7513865059
-0.01036899084
0.7402728855
-0.01376428246
0.7385245549
-0.005598582649
0.7378975901
-0.005699488807
0.746385595
0.004376656006
0.754053486
0.004021073433
0.7381674182
-0.01927463995
0.7286541524
-0.007678734123
0.7412257737
0.01475720338
0.7473674032
0.006749811013
0.001135706813
0.9200980253
0.001221113063
-0.9186202808
0.9213973253
0.001000494784
0.9219446365
0.0004556058062
0.9220387632
5.132503074e-05
0.9208143889
-0.0009871909535
0.918906518
-0.001690811668
0.9150352681
-0.003074771015
0.9100057995
-0.004147306973
0.9043412313
-0.004704422666
0.8966434953
-0.00606654659
0.8942700394
-0.003225126793
0.8917867331
-0.003216182499
0.8958065913
0.0003567978564
0.8994604575
0.000367207331
0.8880302442
-0.007844426498
0.8829539657
-0.002602455545
0.8918925032
0.005818666085
0.8960026749
0.002639639356
0.0005753460848
1.096286742
-1.095065629
1.097287237
1.097742843
1.097794168
1.096806977
1.095116165
1.092041394
1.087894087
1.083189664
1.077123117
1.07389799
1.070681808
1.071038606
1.071405813
1.063561387
1.060958931
1.066777598
1.069417237
0.2114291554
0.01877778082
-0.2095049191
0.2141760083
0.02975810077
0.2177552892
0.04923707195
0.2228974534
0.07856764861
0.2303570956
0.1343516264
0.2121160069
0.2511391065
0.01676108001
-0.2491224046
0.2538809797
0.02701622767
0.2582082223
0.04490982919
0.2634286288
0.07334724251
0.2740221628
0.1237580945
0.2029193658
0.298160552
0.01463001799
-0.2960294887
0.3010843987
0.02409238132
0.3058876197
0.04010660877
0.312030834
0.06720402979
0.3236264904
0.1121624384
0.1881532609
0.3539731233
0.01250215071
-0.3518452547
0.3570801988
0.02098530603
0.3620314892
0.03515531895
0.369310231
0.05992528873
0.3815089254
0.09996374271
0.1694663848
0.4205033257
0.01040542559
-0.4184065991
0.4237333551
0.01775527659
0.4288041329
0.03008454132
0.4369036103
0.05182581124
0.449950891
0.086916461
0.1480748263
0.4999093935
0.008344349058
-0.4978483155
0.5032053022
0.0144593677
0.5084622647
0.02482757877
0.5171915183
0.04309655753
0.531268901
0.07283907817
0.1243659991
0.5946107237
0.00631090128
-0.5925772743
0.5979681362
0.01110195517
0.6034715461
0.01932416889
0.6128098969
0.03375820682
0.6280941682
0.05755480711
0.09831127478
0.7082854046
0.004291994713
-0.706266497
0.7117301817
0.007657178121
0.7175634006
0.01349095003
0.7276202229
0.02370138463
0.7444377608
0.0407372694
0.06960609401
0.8459113676
0.002200275796
-0.843819647
0.8495842169
0.003984329147
0.8559731244
0.00710204267
0.8671232122
0.01255129701
0.8861383516
0.02172213016
0.03712416501
1.012581664
-1.010381387
1.016565993
1.023668036
1.036219333
1.057941464
0.2054496042
0.008342171751
-0.2035247975
0.2074236876
0.01263186124
0.01684944332
0.2452059182
0.006597867147
-0.2434616125
0.2470979796
0.01073980039
0.0148250183
0.2920802427
0.004953526687
-0.290435901
0.2939643196
0.008855724073
0.01275984916
0.348055528
0.003508385654
-0.3466103857
0.3498110705
0.007100182063
0.01072566503
0.4148361546
0.002279850754
-0.4136076184
0.4164344485
0.005501888526
0.008753514569
0.4945282087
0.001292679812
-0.4935410363
0.4959599009
0.004070196518
0.006865100189
0.5895362592
0.000567063945
-0.5888106418
0.5907879443
0.002818511797
0.005075770267
0.7035039066
0.0001289191725
-0.703065761
0.7045695104
0.001752908288
0.00337878367
0.8411909008
-7.165886615e-05
-0.8409903213
0.8421334478
0.0008103620961
0.001692584397
1.00787844
-1.007950099
1.008688803
0.1890806936
-0.1157640026
-0.1829245237
0.1933583046
-0.05881198589
0.1969427963
-0.0264479485
0.1996989027
-0.008869373421
0.2018190328
-4.422701284e-05
0.003854358102
0.2329815867
-0.119040178
-0.2297054106
0.2358402094
-0.06167060718
0.23820153
-0.02880926832
0.2401778833
-0.01084572616
0.2419704185
-0.001836761541
0.002363164212
0.2842667766
-0.1184242749
-0.284882679
0.2849554896
-0.06235931926
0.2860753775
-0.0299291556
0.2876038675
-0.01237421558
0.2890919048
-0.003324798228
0.001019168198
0.3448670011
-0.1141318271
-0.3491594479
0.3434433087
-0.06093562614
0.3435999432
-0.0300857896
0.3444608386
-0.01323511045
0.3455307174
-0.00439467648
-6.049995046e-05
0.416812805
-0.1060912201
-0.4248534111
0.4132459748
-0.05736879517
0.4121236684
-0.02896348284
0.4122008023
-0.01331224374
0.4128174806
-0.005011354304
-0.0008506374859
0.5021075424
-0.09409343996
-0.5141053215
0.4961663815
-0.05142763365
0.4936399121
-0.02643701306
0.4929040397
-0.0125763708
0.4930390724
-0.005146386476
-0.001352601276
0.6032572576
-0.07789343742
-0.6194572591
0.5946865266
-0.04285690222
0.5906556509
-0.0224061371
0.5890258668
-0.01094658614
0.5886268552
-0.004747374307
-0.001536387861
0.7235565886
-0.05717190034
-0.7442781248
0.7124054135
-0.03170572685
0.7067817497
-0.01678247311
0.7042015455
-0.008366381676
0.7032313665
-0.003777195018
-0.001370782252
0.8681360365
-0.03141345153
-0.8938944845
0.8540046051
-0.01757429525
0.8466302215
-0.009408089446
0.8430355247
-0.00477168439
0.8414840871
-0.002225756746
-0.0008770164754
1.04280694
-1.074220391
1.025232645
1.015824555
1.011052871
1.008827115
0.1863569479
0.0170547696
-0.01447289376
0.1865169544
-0.002695651178
0.002535645127
0.1818947692
0.0356184727
-0.03099628661
0.1798577532
0.02571184566
-0.0236748284
0.1779979224
0.04594529478
-0.04408546227
0.1791244822
0.04015694595
-0.04128350393
0.04558714633
-0.04938718737
0.2264104945
0.01898518419
0.2259275016
-0.002212658123
0.2225995517
0.03894642272
0.221277908
0.02703348952
0.2216336895
0.04558951342
0.2248339159
0.03695671965
0.04071565048
0.2740461954
0.02089905994
0.2734078483
-0.001574310881
0.2715548482
0.04079942303
0.2717000536
0.02688828425
0.274504628
0.04278493908
0.2786392014
0.0328221464
0.034472172
0.3318161036
0.02259288653
0.3300332167
0.0002085762159
0.3316711544
0.03916148552
0.3327451826
0.02581425617
0.3380529655
0.03747715624
0.3426120712
0.02826304089
0.02792479465
0.4036896473
0.02196471446
0.4004065569
0.003491666792
0.4054537102
0.0341143324
0.4070098784
0.02425808815
0.4136941269
0.03079290783
0.4186695834
0.0232875845
0.02174096662
0.489912108
0.01917019471
0.4865934299
0.006810345145
0.4934746244
0.02723313799
0.4964483114
0.0212844013
0.5033290914
0.02391212791
0.5085174987
0.01809917735
0.01615314368
0.5929037462
0.01496956172
0.5911752883
0.008538803283
0.5982125748
0.02019585171
0.6027834024
0.01671357376
0.6094609569
0.01723457353
0.6145239237
0.01303621063
0.01121980833
0.7164790591
0.0099642069
0.7170576206
0.007960241956
0.7238130302
0.01344044228
0.7291673511
0.01135925299
0.7353845203
0.01101740445
0.7400604399
0.008360291127
0.00700212357
0.8647425961
0.005068994042
0.8677277649
0.004975073304
0.8743878295
0.006780377795
0.8800889345
0.005658148108
0.8858287527
0.005277586441
0.8901893146
0.00399972944
0.003296953822
1.044232521
1.049207595
1.055987972
1.061646121
1.066923707
1.070923437
0.2232768025
-0.004276907349
0.00197097338
0.2282953385
-0.007918307406
0.002899770815
0.2246266392
0.001837843863
0.00183085497
0.2217974731
0.001348828599
0.001480336975
0.213384099
0.007087967963
0.00132540565
0.2043366513
0.007654929653
0.001392517583
0.01200824622
0.0013400059
0.2206108915
-0.00391693008
0.2235276257
-0.01083504198
0.2180659039
0.007299564983
0.2136757864
0.005738945308
0.2041555206
0.01660823276
0.1941746711
0.01763577786
0.02536022627
0.2154540107
0.001599928063
0.2142193582
-0.009600390081
0.205202623
0.01631629921
0.1979859729
0.01295559395
0.1868434057
0.02775079808
0.1755944803
0.02888470125
0.03806563836
0.2080979029
0.2010331574
0.1863531694
0.1756339341
0.1592992689
0.1469004654
-3.852536254e-05
0.0001494909087
-0.0001934492797
0.0005887537592
-0.0005552828113
0.001340149445
-0.001265530299
0.002540023797
-0.002531437205
0.004326674927
-0.004627619464
0.006788641474
-0.007855882891
0.009889242153
-0.01243174171
0.01340733909
-0.01831140963
0.01689089264
-0.02487742248
0.01920856571
-0.03220142364
0.01936233023
0.002545353007
-0.03049090447
2.274502628e-05
0.0001267457092
0.0001028974692
0.0005086011708
0.0002669340164
0.001176112684
0.0005452040071
0.002261753587
0.0009663392843
0.003905539477
0.001563798424
0.006191182141
0.002428798274
0.009024242096
0.003872210328
0.01196392682
0.00673971466
0.01402338812
0.01291193707
0.0130363431
0.02437734603
0.00789692112
-0.02504654389
0.05196923994
3.354334305e-05
9.320226309e-05
0.0001687577662
0.0003733863083
0.0004860400632
0.000858830353
0.001116325873
0.001631467601
0.002269965294
0.002751899857
0.004289851476
0.004171295715
0.007766602757
0.005547490578
0.0138167304
0.005913798946
0.02468164565
0.003158472655
0.04475883549
-0.007040846863
0.08017555749
-0.02751980091
-0.08588137793
0.1410103855
1.532143766e-05
7.788076492e-05
9.666046133e-05
0.0002920466537
0.0003350756479
0.0006204151579
0.000917829074
0.001048713989
0.002218143169
0.001451585527
0.004957677606
0.001431761006
0.01050118218
3.985759912e-06
0.02135625767
-0.004941276769
0.04177300957
-0.01725827941
0.07679397633
-0.04206181367
0.1312057345
-0.08193155896
-0.1503406535
0.1956650041
3.127631067e-05
4.660439577e-05
0.0001919021586
0.0001314203494
0.0006568515208
0.0001554656857
0.001789342312
-8.377703959e-05
0.004315822025
-0.001074894455
0.00963067794
-0.003883095201
0.02024091388
-0.01060625045
0.04009613275
-0.02479649588
0.07338068955
-0.0505428364
0.1207750578
-0.08945618204
0.1770968378
-0.1382533391
-0.195619053
0.2223752374
6.474823731e-05
-1.814396189e-05
0.000357889504
-0.0001617213629
0.001125705118
-0.0006123502082
0.002835473505
-0.001793545774
0.006345164877
-0.004584586178
0.01313775124
-0.01067568192
0.02546318895
-0.02293168849
0.04558094064
-0.04491424789
0.07276510659
-0.07772700266
0.1009970591
-0.1176881348
0.1236804856
-0.1609367659
-0.2108071534
0.1388685861
8.351644115e-05
-0.0001016605814
0.0004447247575
-0.0005229301859
0.001350171142
-0.00151779698
0.003271250058
-0.003714625116
0.006999627451
-0.008312963988
0.01371988165
-0.01739593653
0.02468860217
-0.03390040941
0.03958604024
-0.05981168637
0.05476334298
-0.09290430582
0.0663325522
-0.1292573445
0.07475812823
-0.1693623423
-0.2182333197
0.08218429446
8.537629316e-05
-0.0001870371052
0.0004445028557
-0.0008820573283
0.001320064589
-0.002393359184
0.003114773967
-0.005509334971
0.006438037155
-0.01163622764
0.0120180903
-0.02297599012
0.02009530939
-0.04197762893
0.02916674304
-0.06888312047
0.03679776865
-0.1005353319
0.04241504694
-0.1348746233
0.04704749804
-0.1739947939
-0.222372382
0.05118655988
7.770659044e-05
-0.0002647439472
0.0003975671223
-0.001201918427
0.001158742337
-0.003154534882
0.002670886887
-0.007021480012
0.005350857595
-0.01431619882
0.009556521
-0.02718165399
0.01502343886
-0.04744454727
0.02043621608
-0.07429589821
0.02460171805
-0.1047008345
0.02742777397
-0.1377006798
0.02950334318
-0.1760703637
-0.2241370786
0.03126803917
6.624927129e-05
-0.0003309934498
0.0003329581631
-0.00146862786
0.0009540963686
-0.003775673537
0.002155635393
-0.008223019476
0.004206383435
-0.0163669473
0.00724619857
-0.03022146957
0.01089153796
-0.05108988714
0.01419343479
-0.07759779555
0.01649383138
-0.1070012316
0.01791139628
-0.1391182453
0.01893647971
-0.1770954477
-0.2249751072
0.0197745076
7.826163819e-05
-0.0004092553075
0.0003904523536
-0.001780819158
0.001107974273
-0.004493195948
0.002466277135
-0.009581322788
0.00470675083
-0.01860742143
0.007856796192
-0.03337151538
0.01137013839
-0.05460322981
0.01429581505
-0.08052347271
0.01614539433
-0.1088508114
0.01713081788
-0.1401036693
0.01766797859
-0.177632609
-0.2251955819
0.01788845265
8.238533435e-05
-0.0004916408313
0.0004060536432
-0.002104488004
0.001136310609
-0.005223453383
0.002482539425
-0.01092755203
0.004617053327
-0.02074193574
0.007447351437
-0.0362018139
0.01036106377
-0.05751694257
0.01254085211
-0.08270326151
0.01368194322
-0.109991903
0.01404803399
-0.1404697606
0.01399218367
-0.1775767591
-0.2248008664
0.01359746761
8.466794406e-05
-0.0005763089459
0.0004119638622
-0.002431784447
0.001135518705
-0.005947008698
0.002431534058
-0.01222356781
0.004402257695
-0.02271265979
0.006860338872
-0.03865989549
0.009179026145
-0.05983563027
0.01067584352
-0.08420007934
0.01118813776
-0.1105041977
0.01100070411
-0.1402823274
0.01035797395
-0.1769340294
-0.2237126147
0.009269721674
7.66393478e-05
-0.0006529484465
0.0003666260387
-0.00272177163
0.0009932403922
-0.006573623484
0.002083057211
-0.01331338499
0.003672035289
-0.0243016382
0.005534403803
-0.04052226434
0.007125617545
-0.06142684437
0.007941528797
-0.08501599097
0.007926451545
-0.1104891209
0.007314541054
-0.1396704173
0.006244816027
-0.1758643048
-0.2221590987
0.004691299663
9.642037061e-05
-0.000749368958
0.0004571161623
-0.003082467975
0.001222543159
-0.007339050943
0.002513722266
-0.01460456443
0.00430644048
-0.02609435673
0.00625033651
-0.04246616067
0.007690261956
-0.06286677012
0.008121546592
-0.08544727591
0.007515360792
-0.1098829354
0.006086588445
-0.1382416453
0.003921624227
-0.1736993409
-0.2191509764
0.0009135016828
0.0001159766177
-0.0008653456586
0.0005396532379
-0.003506145116
0.00141058701
-0.008209985155
0.002810930694
-0.01600490842
0.004611414104
-0.02789484041
0.006306926322
-0.04416167314
0.007143814997
-0.06370365905
0.006651814541
-0.08495527571
0.004811142001
-0.1080422631
0.001778918932
-0.1352094225
-0.002261626678
-0.1696587955
-0.2139377435
-0.007474859453
0.0001216254051
-0.0009869710922
0.0005508988488
-0.003935419097
0.001391431965
-0.009050518697
0.002636584937
-0.01725006165
0.00400048166
-0.02925873738
0.004806573522
-0.04496776522
0.004263671789
-0.06316075753
0.001910565745
-0.08260216987
-0.002158602306
-0.1039730952
-0.007614211046
-0.1297538139
-0.01495730507
-0.1623157017
-0.2043291228
-0.02456592534
9.190578264e-05
-0.001078876849
0.0003920799113
-0.004235593766
0.0009094216836
-0.009567860858
0.001485403764
-0.01782604395
0.001642959138
-0.02941629296
0.0005587764882
-0.04388358275
-0.002657231831
-0.05994474939
-0.008218085391
-0.07704131648
-0.01594582988
-0.09624535091
-0.02611913575
-0.1195805082
-0.0393750891
-0.1490597484
-0.1871363325
-0.05656787834
5.737046613e-06
-0.001084613857
-4.063602651e-05
-0.004189221301
-0.0003262369398
-0.009282260304
-0.001280936049
-0.01687134503
-0.003671333728
-0.0270258955
-0.008459853082
-0.03909506359
-0.01626756927
-0.05213703339
-0.02724150436
-0.06606738157
-0.04138652138
-0.08210033407
-0.0592906195
-0.1016764102
-0.08222310177
-0.1261272663
-0.1574043899
-0.1119550422
-0.0001223781465
-0.0009622357394
-0.0006414994098
-0.003670100484
-0.001909548626
-0.00801421135
-0.004477990466
-0.01430290335
-0.009066691654
-0.02243719449
-0.01634965544
-0.03181209996
-0.02667698992
-0.04180969906
-0.04013131532
-0.05261305631
-0.05696250127
-0.06526914824
-0.07781898151
-0.08081993013
-0.1039594459
-0.09998680209
-0.1241715409
-0.1371922981
-0.0002440228638
-0.0007182129455
-0.001195847788
-0.002718275929
-0.003329237606
-0.005880821774
-0.007259160908
-0.01037298022
-0.01363710643
-0.01605924915
-0.02295791265
-0.02249129391
-0.03547604764
-0.02929156422
-0.05141011017
-0.03667899392
-0.07126612644
-0.04541313209
-0.09589176379
-0.05619429289
-0.1263074138
-0.06957115218
-0.08645097675
-0.1640279805
-0.0003224556446
-0.0003957573556
-0.001550793752
-0.001489938053
-0.00422704265
-0.003204573039
-0.008987293162
-0.005612729845
-0.01642584967
-0.008620692797
-0.02693841848
-0.01197872524
-0.04073403696
-0.01549594587
-0.05810573055
-0.01930730045
-0.07970869288
-0.02381016987
-0.1065466352
-0.02935635066
-0.1398698805
-0.03624790702
-0.04484882548
-0.1814720333
-0.0003714380761
-0.001769908555
-0.004778616559
-0.01005155082
-0.0181585579
-0.02944042485
-0.04406588824
-0.06234221281
-0.08497040206
-0.1130110957
-0.1478426203
-0.1912151682
-0.0281726882
-0.01285447486
-0.024200604
-0.03416899102
-0.02049792453
-0.06156481595
-0.01467774834
-0.09383378079
-0.003346934921
-0.1295432193
0.02588130085
-0.1438338097
0.07442009793
-0.05648718597
0.1219086697
0.02383333154
0.1317689317
0.1798927622
0.1362344079
0.2919679683
0.1846452062
0.08997002205
0.2240923107
-0.02527057739
0.2116994474
-0.2860302615
0.2163532456
-0.4767365233
0.2231389976
0.1093493793
0.2196575945
0.4076384827
0.2142294124
0.03056385932
0.2093053992
-0.1398808175
-0.03160016737
0.05180678652
-0.01269201774
0.05095558631
-0.03331778354
0.04602111853
-0.05663034255
0.03500637252
-0.08281903032
0.01609954565
-0.1106363916
0.01115516137
-0.1388894312
0.03942025428
-0.0847522884
0.07283062327
-0.009577042748
0.09979236626
0.1529310221
0.1367312276
0.2550291131
0.1893310918
0.03737016019
0.2302517907
-0.06619127724
0.2103744914
-0.2661529625
0.1995884757
-0.4659505068
0.2136030501
0.09533480575
0.2161382313
0.4051033021
0.2125147874
0.03418730368
0.2078952304
-0.1352612601
-0.02818053971
0.140175559
-0.01185719879
0.1373410925
-0.03048331168
0.1324298291
-0.05171906559
0.1224706095
-0.07285979548
0.09534596262
-0.08351173282
0.05902830973
-0.1025717753
0.05013103869
-0.0758550254
0.06573594478
-0.02518196034
0.1054007053
0.1132662578
0.1570186863
0.2034111356
0.1940747386
0.0003141100022
0.2225062666
-0.0946228051
0.1981367949
-0.2417834901
0.1781120958
-0.4459258068
0.2002769122
0.07316998999
0.2103697062
0.3950105087
0.2089801867
0.03557682368
0.2050705758
-0.1313516489
-0.02629439639
0.190640333
-0.006832543888
0.1825783012
-0.02242128913
0.170236913
-0.03937768101
0.1599200162
-0.06254289799
0.1478352554
-0.07142696437
0.1281018777
-0.08283838031
0.1087572664
-0.05651039614
0.09612231473
-0.01254700494
0.1268466312
0.08254193007
0.1749167873
0.1553409676
0.1946197864
-0.01938889175
0.2060186282
-0.1060216446
0.1813908066
-0.2171556677
0.1548224283
-0.4193574298
0.1798535154
0.04813890171
0.1998165598
0.3750474639
0.2041567559
0.03123662736
0.2014943445
-0.1286892377
-0.02656539081
0.2464261553
-0.003006664884
-0.2502520377
0.2419137811
-0.01790892049
0.232765926
-0.03022983445
0.2210614505
-0.05083843126
0.204378809
-0.05474432916
0.1858740861
-0.06433365833
0.1692422514
-0.03987855626
0.1427988532
0.01389640004
0.1455502368
0.07979054849
0.1894331829
0.1114580184
0.2135043338
-0.04346004562
0.2207156285
-0.1132329408
0.2061217983
-0.202561839
0.1561486949
-0.369384328
0.1432827351
0.06100486011
0.1680185777
0.3503116203
0.1832279089
0.01602729537
0.1763365821
-0.1217979114
-0.02208402335
0.2923684714
-0.001312944108
-0.2940621941
0.2872693793
-0.0128098281
0.2776155777
-0.02057603289
0.2646342948
-0.0378571485
0.2483088993
-0.03841893374
0.2299015563
-0.04592631537
0.2213506282
-0.03132762813
0.2138277516
0.02141927639
0.2282627835
0.06535551627
0.2679007119
0.07182008975
0.2760682666
-0.05162760042
0.2681671271
-0.1053318015
0.2448063919
-0.1792011039
0.1794965207
-0.3040744569
0.1615969636
0.07890441708
0.2044222892
0.3074862947
0.2251327154
-0.004683130781
0.2135921121
-0.1102573081
-0.0156847031
0.3427085653
0.0008792000383
-0.3449007114
0.3380115934
-0.008112856141
0.329893019
-0.01245745851
0.317637372
-0.02560150154
0.3043173276
-0.02509888939
0.2881153938
-0.02972438162
0.2790907255
-0.02230295991
0.2839808732
0.01652912863
0.3082660551
0.04107033423
0.3396412415
0.04044490316
0.3335922686
-0.0455786276
0.3160428222
-0.08778235526
0.2936817283
-0.1568400101
0.2139746228
-0.2243673515
0.1899649602
0.1029140796
0.2564583658
0.2409928892
0.2796573991
-0.02788216406
0.2601797976
-0.09077970659
-0.006942007527
0.3997935447
0.00260232727
-0.4015166738
0.3955241793
-0.003843490734
0.3893258655
-0.00625914483
0.3791649797
-0.01544061572
0.3690601575
-0.01499406731
0.3579295032
-0.01859372738
0.3496733968
-0.01404685342
0.3580158212
0.0081867042
0.3790596802
0.02002647513
0.4002660467
0.01923853664
0.3946020001
-0.03991458113
0.3713222264
-0.06450258165
0.3416304347
-0.1271482184
0.2646308443
-0.1473677612
0.25501512
0.1125298039
0.3353335884
0.1606744207
0.3491561966
-0.04170477215
0.3201780588
-0.06180156876
0.003065950109
0.4676718949
0.003481313219
-0.4685508826
0.4647278184
-0.0008994142808
0.4605722466
-0.002103573117
0.4532815489
-0.008149918155
0.4461634853
-0.007876003687
0.4384827575
-0.01091299959
0.4325708352
-0.008134931065
0.4390241459
0.001733393508
0.4529175508
0.006133070255
0.4657386779
0.006417409481
0.4613615762
-0.03553747949
0.4410804933
-0.0442214988
0.407225632
-0.09329335715
0.3512621644
-0.09140429356
0.3649562567
0.09883571163
0.4330460443
0.09258463314
0.4303783666
-0.03903709438
0.3998937903
-0.03131699242
0.01054067155
0.5494922908
0.003588719193
-0.5495996982
0.5476549917
0.0009378846108
0.5452079864
0.0003434321267
0.5406235489
-0.003565480767
0.5359356191
-0.003188073906
0.5313020666
-0.006279447046
0.5278060608
-0.004638925316
0.5312349449
-0.001695490462
0.5391300067
-0.001761991554
0.5459294629
-0.0003820466828
0.5384363813
-0.0280443979
0.5237334696
-0.0295185871
0.4940584415
-0.06361832903
0.4584292696
-0.05577512166
0.4877451408
0.06951984052
0.5301692101
0.05016056393
0.5177051466
-0.02657303077
0.4975258423
-0.01113768794
0.01193163654
0.6484721765
0.003107709831
-0.6479911684
0.6477671892
0.001642871801
0.646781333
0.001329288191
0.6442075251
-0.0009916730062
0.6419766351
-0.0009571839431
0.6388908393
-0.003193651217
0.6370365916
-0.002784677489
0.6380723702
-0.002731269024
0.6406778073
-0.004367428659
0.64401704
-0.003721279304
0.6365419778
-0.02056933569
0.6266686255
-0.01964523474
0.6006990326
-0.03764873606
0.5776547921
-0.03273088108
0.6082220352
0.0389525976
0.6321179197
0.02626467956
0.6195036636
-0.01395877453
0.6107089099
-0.002342934083
0.009197401769
0.7683689223
0.002249895984
-0.7675111095
0.7684947132
0.001517080707
0.7684801229
0.001343878354
0.7674725746
1.587522244e-05
0.7665836483
-6.825772348e-05
0.7649064427
-0.001516445531
0.7638042446
-0.001682479334
0.763503046
-0.002430070399
0.7633627537
-0.004227136281
0.7637788968
-0.004137422379
0.7559455612
-0.01273600003
0.7484082236
-0.01210789698
0.7313650562
-0.02060556854
0.7163198302
-0.01768565495
0.7372834133
0.01798901461
0.7508900924
0.01265800068
0.7431679467
-0.00623662867
0.740316893
0.0005081198027
0.005732727031
0.9151643584
0.00110593565
-0.9140203991
0.9158803596
0.0008010792003
0.9165389394
0.0006852984141
0.9163759808
0.0001788336795
0.916269225
3.849811489e-05
0.9154203801
-0.0006676006901
0.9146885396
-0.0009506387267
0.9137776861
-0.001519216851
0.9120775906
-0.002527040686
0.9107214243
-0.002781255984
0.9041548055
-0.006169381216
0.8981011457
-0.006054236996
0.8862469644
-0.008751387129
0.8756776071
-0.007116297469
0.8878888732
0.005777748769
0.8963097588
0.004237115305
0.8919476937
-0.001874563372
0.8915285964
0.0009272172088
0.002524408868
1.092487306
-1.091381371
1.093288385
1.093973683
1.094152516
1.094191015
1.093523414
1.092572775
1.091053558
1.088526518
1.085745262
1.079575881
1.073521644
1.064770257
1.05765396
1.063431708
1.067668824
1.065794261
1.066721478
0.2169721017
0.01762445483
-0.2148220504
0.2199800592
0.02826008161
0.2242943906
0.04687222921
0.2300453552
0.07643333155
0.2405691451
0.128344797
0.2126923387
0.2561987576
0.01548920053
-0.2540635048
0.2591377796
0.02532105954
0.2637353017
0.04227470747
0.2697465358
0.07042209777
0.2807182913
0.1173730416
0.1993484357
0.3020078927
0.0133830385
-0.2999017323
0.3049979981
0.02233095373
0.3096017052
0.03767099993
0.3162629881
0.06376081395
0.326785339
0.1068506913
0.1812330662
0.3561838907
0.01138177965
-0.3541826335
0.3591636422
0.01935120171
0.3637679749
0.03306666674
0.3710080423
0.05652074621
0.3821796113
0.09567912355
0.1618960049
0.4210340428
0.009477755924
-0.419130021
0.4239818293
0.01640341502
0.4286550043
0.02839349156
0.4362132925
0.04896245796
0.4482288922
0.08366352467
0.1415740138
0.4990143874
0.007658586367
-0.4971952197
0.5019417731
0.01347602931
0.5067390872
0.02359617731
0.5146615169
0.04104002818
0.5277159385
0.07060910298
0.1196902529
0.5927752014
0.005867031338
-0.5909836485
0.5957736164
0.01047761418
0.6008308463
0.01853894724
0.6093820393
0.03248883486
0.6237871523
0.05620398963
0.09548623564
0.7060102254
0.004046777566
-0.7041899732
0.7091686035
0.007319235827
0.7146431179
0.0130644326
0.7240872045
0.02304474797
0.7402512884
0.0400399053
0.06822641387
0.8434825466
0.002100242258
-0.841536014
0.846953273
0.0038485089
0.8530884915
0.006929213707
0.8638356411
0.01229759792
0.8824271874
0.02144835853
0.03663320174
1.010224492
-1.008124252
1.014073001
1.021002214
1.033299812
1.05474817
0.2103990715
0.007195889898
-0.2083252412
0.2125508489
0.01144568942
0.0156172513
0.2499209703
0.005359640524
-0.2480847225
0.251917992
0.009448666914
0.01347173864
0.2959427128
0.003714746151
-0.29429782
0.2978207095
0.007570669485
0.01139071605
0.3506093128
0.00236502402
-0.3492595922
0.3522570203
0.005922961223
0.009465102905
0.4159469839
0.001313346819
-0.4148953083
0.417361579
0.004508365419
0.007696660904
0.4943864415
0.0005598590159
-0.4936329553
0.4955755553
0.003319251087
0.006076996384
0.5884644074
7.167914245e-05
-0.5879762294
0.5894651571
0.00231850068
0.004558504965
0.7018678725
-0.000153350257
-0.7016428443
0.7027190444
0.001467328263
0.003087576193
0.8392416209
-0.0001906598129
-0.8392043136
0.8400191477
0.0006898003645
0.001570709885
1.005863743
-1.006054404
1.006553542
0.1929857595
-0.1185496678
-0.1863911326
0.1975256655
-0.06110778473
0.2013337221
-0.02837398216
0.2042853503
-0.01042648806
0.20650649
-0.001307638534
0.002872548507
0.237146331
-0.1219647654
-0.233731235
0.2401538438
-0.06411529902
0.2426286802
-0.03084881929
0.2446787412
-0.01247654969
0.2465182484
-0.003147146476
0.001306074442
0.2882566278
-0.1212675639
-0.288953831
0.2889073173
-0.06476598935
0.2899748077
-0.03191631013
0.2914765748
-0.01397831731
0.2929509793
-0.004621551693
-4.076635299e-05
0.3482337598
-0.11671138
-0.3527899454
0.3466045051
-0.06313673508
0.3465903583
-0.0319021636
0.3473278847
-0.01471584411
0.3482997082
-0.005593375885
-0.001000650382
0.4192975531
-0.108285581
-0.4277233537
0.4153948413
-0.0592340236
0.4139818129
-0.03048913544
0.4138258114
-0.01455984312
0.4142495315
-0.006017096601
-0.001646427263
0.5037191672
-0.09579888287
-0.5162058668
0.4973485292
-0.05286338598
0.4944645432
-0.02760514956
0.4934329691
-0.01352826958
0.4933245082
-0.005908636186
-0.001954874447
0.6040236601
-0.0790640044
-0.6207585399
0.5949898069
-0.04382953304
0.5905874261
-0.02320276891
0.5886470941
-0.01158793815
0.5879944565
-0.005255999214
-0.001936647341
0.7235253539
-0.05786253385
-0.7447268255
0.7119764363
-0.03228061561
0.7060195488
-0.01724588151
0.7031675818
-0.008735971606
0.7019799471
-0.004068364902
-0.001599544602
0.8674467794
-0.03172237639
-0.8935869379
0.8529935721
-0.01782740852
0.8453565409
-0.009608850407
0.8415504719
-0.004929903328
0.8398311097
-0.002349003597
-0.000972748544
1.041742321
-1.073464698
1.023914912
1.014306061
1.009376157
1.007027153
0.1865467585
0.02101449804
-0.01862243398
0.1866835925
0.003943630889
-0.004080466108
0.1826129956
0.03769942916
-0.03362883387
0.1812295388
0.02693593873
-0.02555248405
0.179870103
0.04767687711
-0.04631744365
0.1819847351
0.04075446426
-0.04286909872
0.04673871165
-0.05114511047
0.2266629766
0.02269243012
0.2263978726
0.004208734528
0.2236230302
0.04047427118
0.2229494933
0.02760947532
0.224001384
0.04662498608
0.2280530122
0.03670283571
0.04106048926
0.2744418016
0.02421069931
0.274420916
0.00422961975
0.2729535726
0.04194161428
0.2736034934
0.02695955419
0.2771985028
0.0430299764
0.2819055433
0.03199579492
0.03401220157
0.3323839545
0.02533667459
0.3316496756
0.004963898343
0.3334468023
0.04014448722
0.3347252765
0.02568107975
0.3407465536
0.03700869899
0.3456479596
0.02709438864
0.02687021559
0.4043008821
0.02409726724
0.402333553
0.006931227133
0.4074148108
0.03506322907
0.4090287043
0.02406718605
0.4161742394
0.02986316362
0.4212611865
0.02200744117
0.02040804808
0.4904915593
0.02072329564
0.4884033421
0.009019444052
0.4955203629
0.027946208
0.498534438
0.02105311072
0.5055587609
0.02283884037
0.5106618857
0.01690431606
0.0148640666
0.5934039915
0.01602241686
0.5926363284
0.009787106848
0.600002203
0.02058033313
0.6046574435
0.01639786997
0.6112303128
0.01626597079
0.6160813076
0.01205332093
0.01018683392
0.7169073631
0.01058875744
0.7181388307
0.00855563898
0.725145694
0.01357346954
0.7305179686
0.01102559513
0.7364734861
0.010310453
0.7408536863
0.007673120408
0.006313694414
0.8650908863
0.005345253853
0.8684733984
0.005173126642
0.8752597623
0.006787105375
0.8808440391
0.005441318106
0.886241783
0.004912708777
0.8902516522
0.003663250886
0.002978408487
1.044508781
1.049681907
1.056469012
1.06191033
1.066823039
1.070486289
0.2232687973
-0.0003269548822
0.2282196223
-0.002051054324
0.2245871349
0.005463342412
0.2218441604
0.004223311588
0.2134819006
0.009687665758
0.2044816363
0.0103927822
0.01460647403
0.2205730919
7.082232249e-05
0.2232997924
-0.004777754709
0.2179887397
0.01077439544
0.2138527827
0.008359269137
0.2044319319
0.0191085173
0.1945982434
0.02022647186
0.02773268421
0.2153818958
0.005659795696
0.2138656273
-0.003261485951
0.2051796199
0.01946040347
0.1982770138
0.01526187634
0.1873372465
0.03004828622
0.1763761119
0.03118760829
0.04008081569
0.2080082312
0.2006662796
0.1864978497
0.1762072426
0.1599380858
0.1482565957
)
;

boundaryField
{
    cylinder
    {
        type            calculated;
        value           uniform 0;
    }
    jet
    {
        type            calculated;
        value           uniform 0;
    }
    inlet
    {
        type            calculated;
        value           nonuniform List<scalar> 
28
(
-0.1889388235
-0.228340909
-0.275960071
-0.33350993
-0.403061475
-0.487117588
-0.588703113
-0.711473704
-0.859847383
-1.039163527
-0.2209708691
-0.2209708691
-0.2209708692
-0.2209708691
-0.1889388235
-0.228340909
-0.275960071
-0.33350993
-0.403061475
-0.487117588
-0.588703113
-0.711473704
-0.859847383
-1.039163527
-0.2209708691
-0.2209708691
-0.2209708692
-0.2209708691
)
;
    }
    outlet
    {
        type            calculated;
        value           nonuniform List<scalar> 
28
(
0.2049844303
0.2040101237
0.2028320653
0.2016981294
0.1725600806
0.2097961529
0.2582418814
0.3238855333
0.4106599476
0.5110543307
0.6215247921
0.7472179839
0.8965630357
1.069992583
0.2051367773
0.2044756029
0.2031844327
0.201765339
0.1718552144
0.2071927919
0.2514371021
0.3101701012
0.392419069
0.4961348773
0.6134431447
0.7437815678
0.8947369146
1.069245887
)
;
    }
    topAndBottom
    {
        type            calculated;
        value           uniform 0;
    }
    frontAndBack
    {
        type            empty;
        value           nonuniform List<scalar> 0();
    }
}


// ************************************************************************* //
