/*--------------------------------*- C++ -*----------------------------------*\
  =========                 |
  \\      /  F ield         | OpenFOAM: The Open Source CFD Toolbox
   \\    /   O peration     | Website:  https://openfoam.org
    \\  /    A nd           | Version:  9
     \\/     M anipulation  |
\*---------------------------------------------------------------------------*/
FoamFile
{
    format      ascii;
    class       volVectorField;
    location    "0";
    object      U;
}
// * * * * * * * * * * * * * * * * * * * * * * * * * * * * * * * * * * * * * //

dimensions      [0 1 -1 0 0 0 0];

internalField   nonuniform List<vector> 
1580
(
(0.0005000951327 -0.007331893596 1.182939513e-20)
(0.0002935948435 -0.02218562675 9.224950005e-20)
(-0.002400759953 -0.03867984737 -1.983635039e-20)
(-0.009284001614 -0.05582186657 -2.097676192e-20)
(-0.02205114741 -0.07189806905 1.028089091e-20)
(-0.04232594934 -0.08476039782 2.099089564e-21)
(-0.07101447528 -0.0927175277 6.471963493e-21)
(-0.1073473588 -0.09563573677 -7.299242292e-21)
(-0.1482027051 -0.09448485544 3.657288034e-21)
(-0.1892799452 -0.08775435531 1.095843466e-21)
(-0.2297872628 -0.06761750797 -9.622756617e-21)
(-0.2150765969 -0.03982579385 2.435723318e-20)
(-0.0002960577009 0.0003740429371 2.451256079e-22)
(-0.001793142137 0.0005982725464 2.352458214e-20)
(-0.005282928576 1.072253176e-05 -1.585328366e-20)
(-0.01197720243 -0.001637534361 -3.437026913e-20)
(-0.02292748728 -0.004299752273 1.851736133e-20)
(-0.03885766855 -0.007633608055 7.371035739e-23)
(-0.0595302858 -0.01118464907 -2.518513871e-23)
(-0.08290926139 -0.01480146782 0)
(-0.1039218469 -0.01867075059 -1.249670543e-21)
(-0.1113818063 -0.02373233104 -3.968105423e-21)
(-0.1335053576 -0.01969797311 -8.694218363e-21)
(-0.02577400836 -0.06619854174 4.485909816e-20)
(-0.002573557963 0.004611912017 1.671843013e-21)
(-0.008045714893 0.01325566064 -6.880599634e-21)
(-0.01472093236 0.02174935025 -3.697789561e-20)
(-0.02270158439 0.0291036156 -2.089865848e-21)
(-0.03162040057 0.03419929527 3.533631601e-21)
(-0.04029861587 0.03594891077 2.60609766e-21)
(-0.04590432447 0.03356857772 -5.471799332e-21)
(-0.04280412906 0.02662925308 5.162936778e-21)
(-0.02452518402 0.01343566081 0)
(0.04366475512 0.007436343913 0)
(0.08812622435 -0.005949100295 -9.314895399e-21)
(0.4014565624 -0.03854200121 -2.971646855e-20)
(-0.004740024966 0.005745764808 -3.142534621e-22)
(-0.01380985362 0.01659985814 8.796140445e-22)
(-0.02288562383 0.02746442506 -1.033744679e-20)
(-0.03049421267 0.03708057478 -6.084245837e-21)
(-0.03393852299 0.0437755968 3.288404383e-21)
(-0.02858281234 0.04564438063 5.034533835e-21)
(-0.006657019591 0.04091134494 1.162084173e-20)
(0.04449056724 0.02838591153 -2.172624413e-20)
(0.1423622207 0.007548448282 3.24376861e-20)
(0.3135336958 0.0005453116147 2.438930182e-20)
(0.4817312924 -0.02388245748 1.912421486e-20)
(0.8878374657 0.009792515526 -3.421943039e-20)
(-0.005021592058 0.004170343084 -2.534346579e-21)
(-0.01316227706 0.01163783264 1.212488812e-20)
(-0.01828711963 0.01866888214 3.374894535e-20)
(-0.01643803888 0.02423700887 3.072850794e-21)
(-0.001157494106 0.026965181 1.629982835e-21)
(0.03773218698 0.02551072731 -5.218567688e-20)
(0.1153781444 0.01932796319 6.548914873e-21)
(0.2517862988 0.01029233175 -2.341482539e-20)
(0.464607533 0.006324855966 5.145549171e-20)
(0.729070921 0.01505485012 1.955064394e-21)
(1.01228159 0.04486882392 3.342320879e-21)
(1.19321043 0.05641291806 3.10529535e-21)
(-0.001461688873 0.001017582264 3.786571336e-21)
(0.0002701202746 0.001991286875 3.229590509e-21)
(0.01084761435 0.002116763575 -8.475947598e-20)
(0.03734507628 0.001300698925 -3.134046609e-20)
(0.09043654821 -0.0003693886538 2.851255517e-20)
(0.1854102561 -0.001753333265 6.642620715e-21)
(0.3413510787 0.000591479579 -3.807757875e-20)
(0.573111252 0.01441165586 1.539657308e-20)
(0.8595856928 0.04775991044 -7.606766933e-20)
(1.121065418 0.09212397784 1.289800165e-20)
(1.259345194 0.1233248949 7.295543039e-20)
(1.293026244 0.1240438098 -2.033257163e-20)
(0.005141427879 -0.00158175627 -1.277370552e-20)
(0.02300243847 -0.005328732883 -6.361245079e-20)
(0.05619921885 -0.009098073857 6.603129018e-20)
(0.114232149 -0.01148477186 1.647167728e-20)
(0.210339631 -0.01032397598 2.922751781e-20)
(0.3609292299 -0.001492747963 -1.284807639e-19)
(0.5794543498 0.0219205265 -9.189296031e-20)
(0.8536238987 0.06727612882 1.213977557e-19)
(1.106220608 0.1232930269 -8.040105018e-21)
(1.24158604 0.1578322856 -9.591137872e-21)
(1.266140079 0.1579558811 -2.372019268e-21)
(1.253226479 0.1405050994 3.874252577e-20)
(0.01304603277 -0.002924760986 -4.013768816e-21)
(0.04906982839 -0.008417127969 -2.69224965e-20)
(0.1059971755 -0.01219145663 1.25697927e-19)
(0.1945019639 -0.01129673426 7.301867486e-20)
(0.3280048274 -0.001771866054 -1.123835918e-19)
(0.5192907744 0.02226188057 4.493869409e-20)
(0.7673402007 0.06727691145 -5.781773603e-20)
(1.025333289 0.1290173001 -8.514267276e-20)
(1.202385491 0.176494298 5.093122806e-20)
(1.269646187 0.1902245586 -3.685531069e-21)
(1.273455161 0.1822095411 2.839766156e-20)
(1.257980269 0.1652239862 8.866912062e-22)
(0.02073322336 -0.003107673778 3.066499735e-21)
(0.07377686163 -0.007869631348 1.973494074e-20)
(0.151836313 -0.008908273612 -3.10671389e-20)
(0.2656175034 -0.002074718855 2.995440759e-20)
(0.4268662487 0.0175795639 2.780287615e-20)
(0.6420066229 0.05589262948 4.178723768e-21)
(0.8940429038 0.1149829239 3.039237858e-20)
(1.118593832 0.1779678406 -8.805689625e-20)
(1.247176629 0.214359674 -6.529271195e-22)
(1.280650318 0.2191707997 1.869390172e-20)
(1.264568307 0.2036432984 0)
(1.238437802 0.1798739302 1.250226011e-20)
(0.02773437657 -0.002552203041 -7.253091755e-21)
(0.09552632451 -0.005216413591 -3.132030935e-20)
(0.1908939413 -0.002275289262 3.236934019e-20)
(0.3239322954 0.0111451532 2.027629181e-20)
(0.5039564044 0.04023980767 -4.708306648e-20)
(0.7308640649 0.08959394285 -2.125521335e-20)
(0.9758911505 0.1560198269 1.260559718e-20)
(1.171248086 0.2160414743 -5.005444766e-20)
(1.266427921 0.2433240493 1.586948606e-20)
(1.278572979 0.2389706164 -3.432590113e-20)
(1.256673643 0.2179839581 8.308957081e-20)
(1.231205204 0.1919730919 -6.933550061e-20)
(0.03440063518 -0.001370913018 0)
(0.1161111068 -0.0007780738069 7.436447171e-21)
(0.2274166544 0.007160222587 -6.8518293e-21)
(0.3773342089 0.02783813092 1.205713373e-20)
(0.5721812184 0.06629054993 8.202399843e-20)
(0.8052708523 0.1251214473 -4.882559056e-20)
(1.038984999 0.1958319569 -1.167609242e-20)
(1.207253269 0.2509816855 -7.534563695e-20)
(1.276422209 0.2690263796 -5.030122812e-20)
(1.274521343 0.2576198496 6.565781228e-20)
(1.247334386 0.2322423489 -2.501944819e-20)
(1.219342004 0.2027071766 -2.682862514e-20)
(0.04206383689 0.0006703077869 7.748238447e-21)
(0.1392160744 0.006301893947 3.341524199e-20)
(0.2674253622 0.02121498846 -5.747982825e-20)
(0.4340338749 0.05102932442 2.420494284e-20)
(0.6415004885 0.1000055205 6.078498123e-20)
(0.8760369117 0.1677687757 -1.419758057e-19)
(1.093299255 0.240206315 -2.314462325e-20)
(1.233358081 0.2879406349 1.434625464e-19)
(1.279029392 0.2958379919 -2.53670373e-20)
(1.265498403 0.2767720776 -2.764882768e-20)
(1.235690545 0.2464788236 -1.078377462e-19)
(1.208346493 0.2136977072 9.862503256e-20)
(0.04967840912 0.003575260328 -1.513021727e-20)
(0.1619951485 0.01593095725 -1.6675339e-20)
(0.3062669088 0.03941746979 1.734728796e-19)
(0.4876041193 0.07948641943 -5.295651172e-20)
(0.7041069901 0.138990405 -1.218381415e-19)
(0.9353924989 0.2139483553 4.551694189e-20)
(1.133530213 0.2853388488 8.988966624e-20)
(1.247551635 0.3240695347 -4.597571121e-20)
(1.27440479 0.3217636291 -5.7571682e-20)
(1.253138549 0.2956914117 2.951925702e-20)
(1.221844587 0.260911747 9.575023606e-20)
(1.194559076 0.2244886023 0)
(0.05723804172 0.00722568382 4.108700941e-23)
(0.1837868743 0.02750372419 -1.258334568e-20)
(0.3421336922 0.0604722294 -6.016520467e-20)
(0.5350141899 0.1109850652 -3.017252823e-20)
(0.7563674352 0.1800581768 6.673327383e-20)
(0.9806495929 0.2600569574 1.416829645e-20)
(1.159376893 0.3283036771 4.325580646e-20)
(1.251269976 0.3574900867 -8.927980643e-20)
(1.263943131 0.3456239804 5.919290537e-20)
(1.237569772 0.3130998068 7.07274248e-20)
(1.206184313 0.2739029049 -5.940474851e-20)
(1.180713031 0.2339737231 3.332385659e-21)
(0.0646407625 0.01204242015 -1.900671127e-22)
(0.2051130477 0.04237286783 2.337124672e-20)
(0.3768113912 0.08673685532 5.400999113e-20)
(0.5795896746 0.1489876127 8.055665118e-20)
(0.8029820035 0.227813681 -4.806380193e-20)
(1.017168459 0.3115987194 -1.195051991e-20)
(1.175310047 0.3746959882 1.012842736e-19)
(1.246551092 0.3928884112 -1.486341063e-19)
(1.247247388 0.3708587553 4.930292341e-20)
(1.217429563 0.3315670916 1.985412346e-20)
(1.186844474 0.287563792 2.368797061e-20)
(1.163736211 0.2436533058 2.182418762e-20)
(0.07368397423 0.01974162951 6.197398157e-21)
(0.2303155079 0.065590844 -2.895847438e-20)
(0.4162503068 0.1266253002 2.151527608e-20)
(0.6275015147 0.2047238234 1.368543293e-19)
(0.8485369324 0.294931846 -4.917580495e-19)
(1.046220145 0.3806319413 2.511469718e-19)
(1.178557668 0.4341499655 8.656625659e-20)
(1.22745506 0.437144571 -1.739095063e-19)
(1.217095914 0.4023148794 1.343040892e-19)
(1.185840803 0.3543685061 1.01290236e-19)
(1.15810443 0.3037633833 1.802680174e-19)
(1.139786674 0.2545651519 -4.053524859e-21)
(0.08244559618 0.03145924349 1.324920322e-20)
(0.2537407529 0.09999555463 4.725216191e-20)
(0.4506573638 0.1840550239 -1.088319986e-19)
(0.6646893822 0.2820210248 -4.300233623e-20)
(0.8755208143 0.3837119297 7.8854021e-20)
(1.049287621 0.4671231823 4.088159072e-20)
(1.15272625 0.5051652845 -7.130940373e-20)
(1.181360402 0.4888424301 -2.910254641e-20)
(1.164791787 0.4389216369 2.330171475e-20)
(1.137277538 0.3804435718 5.10777445e-20)
(1.115762744 0.3214914144 -3.603344584e-20)
(1.104417285 0.2657432344 4.234719029e-20)
(0.08748090016 0.04785150195 6.519467079e-21)
(0.2651924806 0.1469483623 9.226062758e-20)
(0.4628991596 0.2601298419 4.628634944e-20)
(0.6680570584 0.3803749455 -1.377552005e-19)
(0.8576331257 0.490911271 5.633477451e-20)
(1.001059466 0.565324141 -1.794043295e-19)
(1.076823193 0.58117132 4.054373972e-19)
(1.093073871 0.5420309271 -4.169039371e-19)
(1.080141402 0.4751725061 2.733070719e-19)
(1.063614051 0.4045585865 1.096502676e-19)
(1.053067476 0.3367688867 -9.231898594e-20)
(1.052525331 0.2741982305 -1.569926984e-20)
(0.0818282997 0.06629453354 4.57912766e-21)
(0.2451871425 0.1986340606 -5.794892328e-20)
(0.4223077557 0.3411490314 1.484747897e-19)
(0.5993028103 0.4799486856 1.873652877e-20)
(0.7545856935 0.5917536499 -3.035652178e-19)
(0.8654314729 0.6491561923 -2.89226253e-19)
(0.9238831174 0.637882291 4.262343177e-19)
(0.944964231 0.5748438762 1.645418959e-19)
(0.950335759 0.4941531145 1.205773023e-20)
(0.9545583387 0.4142349339 -6.127608844e-20)
(0.9620771506 0.3399737928 -8.25411675e-20)
(0.9760351962 0.2742349646 -4.559991981e-20)
(0.06385960217 0.07720790179 1.273584538e-20)
(0.1898064899 0.2263418736 5.811516219e-20)
(0.3244641807 0.3787884807 1.873157597e-21)
(0.4570486083 0.5156376893 4.013065342e-19)
(0.572809448 0.6115452499 -4.653308129e-19)
(0.660133333 0.6444197258 1.593809278e-19)
(0.719319625 0.612937727 -8.297376414e-20)
(0.7609089511 0.5420545987 -7.079601381e-20)
(0.7959248846 0.4610616953 4.633564292e-20)
(0.8291041244 0.3829139871 -7.335117481e-20)
(0.8581901187 0.3118556516 -3.066706529e-20)
(0.8846785923 0.2511646396 -9.000001475e-21)
(0.03871172594 0.07091133725 5.000928276e-20)
(0.1164528566 0.2051332793 2.460602119e-19)
(0.2025527922 0.3378468476 -1.497031861e-20)
(0.2925800158 0.4506583179 -1.007367713e-20)
(0.379754496 0.522279994 -4.251616653e-20)
(0.4591399646 0.5382892075 1.594093829e-20)
(0.5304782963 0.5033944019 2.811854785e-20)
(0.5966368015 0.4403084173 7.04797497e-20)
(0.6607270369 0.3713027801 -8.245930261e-20)
(0.7226083134 0.3055123256 5.008431862e-20)
(0.7783545568 0.2452188485 2.620217332e-20)
(0.827579857 0.1924097022 -3.519664322e-20)
(0.0159892284 0.04956793085 -2.669745022e-20)
(0.05136061495 0.142250947 -4.057567256e-20)
(0.09665145364 0.2320478648 -1.143007602e-21)
(0.1534773016 0.3058069904 -1.244726101e-20)
(0.2211346606 0.3495707474 7.584397948e-20)
(0.2978041921 0.3555407203 2.260619345e-20)
(0.3806168674 0.3291354061 -1.119301012e-19)
(0.4660968447 0.2863137539 5.648863292e-20)
(0.5515900172 0.2410293898 -7.787469015e-21)
(0.6342080584 0.1985593077 6.289774131e-22)
(0.7102751811 0.1601857627 5.182015386e-20)
(0.778914511 0.1266763788 -2.496429789e-21)
(0.00267548221 0.01649116398 -6.205206399e-21)
(0.01369212072 0.04703262149 -1.231210887e-19)
(0.03634714895 0.07612662573 -1.078522504e-19)
(0.07596514716 0.09927903132 -3.245258958e-21)
(0.1351259283 0.1119634403 -4.697901571e-20)
(0.2130263193 0.1120182547 3.674311394e-20)
(0.3044167249 0.1017982573 1.423688585e-19)
(0.4017404926 0.08687426214 -7.569245988e-20)
(0.4991526473 0.07178001763 3.133727749e-21)
(0.5924504166 0.0581547796 -4.715842997e-20)
(0.6781327785 0.04641513023 -2.064562728e-21)
(0.7552811487 0.03684328917 4.547204968e-20)
(-0.1897680853 0.04475677432 5.75461726e-20)
(-0.16874488 0.1245229666 -6.65596771e-20)
(-0.126361258 0.2223331938 1.323751494e-20)
(-0.06659976231 0.3000473911 1.279713221e-20)
(0.02104512542 0.3514893553 3.937237492e-21)
(0.1835998768 0.2880142783 2.22440669e-20)
(0.4565245783 -0.04308877675 3.373360297e-20)
(0.6097371461 -0.2302942681 3.906440416e-20)
(0.8608985625 -0.4170557332 8.653170571e-21)
(0.7049235758 -0.5980969137 -1.959095602e-20)
(0.6568226045 -0.3033930912 8.371822351e-21)
(0.8833967221 -0.06270337928 -7.959039556e-21)
(0.9123394544 0.4507354602 2.409817588e-23)
(0.8924495051 0.6446980543 6.697935353e-22)
(1.04638804 -0.1365994981 2.164024624e-20)
(0.9622651556 -0.4524658289 -6.057185626e-21)
(0.9451355621 -0.02672429687 2.269350086e-22)
(0.9356906212 0.1342820093 -4.585175154e-22)
(0.9276331093 0.03104727268 1.280495295e-21)
(-0.003220613135 -0.01206389114 -2.24409104e-20)
(0.01179142313 0.05935989579 -9.411664717e-21)
(0.05061128871 0.1408363024 -9.443469552e-21)
(0.1382829786 0.2094505962 1.957152228e-22)
(0.2472693389 0.2325924208 1.020520857e-20)
(0.4235236923 0.1502216111 1.385225903e-20)
(0.7491351129 -0.1586397307 -9.404014249e-21)
(0.7844030074 -0.3478692004 -6.83533243e-21)
(0.963290912 -0.4357011445 2.019118265e-21)
(0.8651592009 -0.5398260554 1.062896921e-20)
(0.7257398308 -0.3249972286 -3.336691846e-21)
(0.7816112279 -0.1074422315 -3.312017164e-21)
(0.8251295119 0.4277462941 -1.906239528e-20)
(0.8861133138 0.6170049253 0)
(1.08399016 -0.1273825873 -2.850003799e-20)
(0.9871148367 -0.4408457956 1.100824799e-20)
(0.9314490096 -0.02429811343 -1.423047117e-21)
(0.9218158897 0.134764601 1.110901134e-21)
(0.9231963383 0.03188545813 1.402638086e-22)
(0.3605830168 -0.03499937587 -1.715799466e-20)
(0.3575595658 0.01079252892 -5.47002311e-21)
(0.3750565896 0.05887943879 -2.740348084e-21)
(0.4316990478 0.1144375377 -6.474754859e-21)
(0.5588196458 0.1261290668 -5.381451291e-21)
(0.6996057688 0.04429338698 2.940601954e-20)
(1.006091526 -0.1933684225 1.748347685e-20)
(0.9917508685 -0.3578350186 1.366753752e-20)
(1.001403204 -0.4312829863 -9.147639871e-21)
(0.9456924527 -0.5051161597 -6.706948886e-21)
(0.7508845265 -0.3040538789 -2.00917001e-20)
(0.6314824983 -0.1299476602 -3.876080027e-20)
(0.7111162847 0.3848962236 2.105878731e-21)
(0.8485519571 0.5696165374 1.839473046e-20)
(1.1075103 -0.1156835451 1.522335694e-20)
(1.000432105 -0.4215295901 -5.083757641e-21)
(0.912417916 -0.02134037819 -2.150034908e-21)
(0.9064403112 0.1331411666 1.479727113e-21)
(0.9178313717 0.03193256134 -1.49980805e-22)
(0.8532188788 -0.003097649553 1.551357251e-20)
(0.7996992903 0.004404778893 -2.408020468e-20)
(0.7904197574 0.01404088907 -4.501460805e-22)
(0.7806723847 0.03783308919 -3.917281967e-21)
(0.8760433977 0.04481883862 -4.019213095e-21)
(0.9632187974 -0.01559178079 -8.447432332e-21)
(1.16882733 -0.2026618395 -1.150895564e-20)
(1.16624769 -0.3150847408 9.789138265e-21)
(1.064395353 -0.3686310862 -1.721244535e-20)
(1.00589127 -0.4598413003 1.263418303e-20)
(0.7896299277 -0.2638817917 3.009777216e-22)
(0.548724403 -0.1465425503 -3.702683888e-20)
(0.5236850923 0.2945292804 -3.155586084e-20)
(0.7658826195 0.5112526272 -4.342416471e-21)
(1.132611974 -0.0971287721 -2.44350888e-20)
(1.013899457 -0.3949516686 -2.124651564e-20)
(0.8848582894 -0.01971872365 5.009915004e-21)
(0.8870913823 0.1304252919 -6.149968609e-22)
(0.912656779 0.03146459119 0)
(1.218652752 0.05736846519 -1.223719971e-20)
(1.16358163 0.04909755943 -8.397078953e-21)
(1.162039321 0.04364910471 6.185431499e-21)
(1.120778087 0.04120021546 -7.05926142e-21)
(1.180431778 0.01225290698 1.343628228e-20)
(1.209321942 -0.0211605138 -1.853291034e-20)
(1.283394466 -0.1887873554 -3.313484597e-20)
(1.243544348 -0.2828986942 -8.989723957e-21)
(1.133074196 -0.3073462255 -4.981638925e-21)
(1.03341733 -0.4158953885 -1.624922004e-20)
(0.8461306204 -0.2214233244 -5.881307329e-22)
(0.6223313278 -0.09854242207 7.002535783e-20)
(0.4541840393 0.2394893823 2.596380141e-20)
(0.7803709426 0.4351429803 -4.925662554e-21)
(1.180620556 -0.1149099011 -2.640544673e-21)
(1.02230138 -0.3666245845 -2.353485098e-20)
(0.8656884623 -0.01352160498 -1.008454241e-20)
(0.8769049558 0.1245170981 0)
(0.9131446253 0.02900559026 -1.229099339e-21)
(1.247642133 0.06528368623 -2.919131551e-21)
(1.228901218 0.05126262386 8.038804433e-21)
(1.244340968 0.03896720576 3.747725347e-21)
(1.231710279 0.03249118874 -4.852327307e-21)
(1.274336393 -0.01378427446 1.537275334e-21)
(1.281619661 -0.05235409806 -1.073038079e-20)
(1.321038843 -0.1950187838 -1.197222485e-20)
(1.211894429 -0.2592949413 -4.729437796e-20)
(1.106558102 -0.2738699026 1.568737473e-21)
(1.003991451 -0.3582322294 -1.166386567e-20)
(0.8036930061 -0.140747011 5.314153907e-21)
(0.6945644379 -0.01133061003 6.007917914e-20)
(0.4915895873 0.2183798021 8.166322589e-20)
(0.8693689123 0.3221712995 5.432569445e-21)
(1.233590448 -0.1486307649 2.386332112e-20)
(1.013836301 -0.3271907677 1.872260715e-20)
(0.8322141438 0.009812732159 -5.924241126e-21)
(0.8684597819 0.1198745002 -2.146474326e-21)
(0.9185659428 0.02557891268 -4.204050815e-22)
(1.233764332 0.06304018114 3.441722453e-21)
(1.227530292 0.04856178865 3.656045434e-21)
(1.241634869 0.0297441579 -1.619632586e-21)
(1.236456698 0.01763546728 -4.247137486e-21)
(1.267069369 -0.02485720593 -6.661913335e-21)
(1.26008195 -0.0534187905 -9.509843895e-21)
(1.27267699 -0.1552819252 -1.589609135e-20)
(1.181760683 -0.1918882685 -8.406751566e-23)
(1.111714573 -0.196743366 2.098233399e-21)
(1.041096451 -0.2820367592 7.271646156e-21)
(0.8208028094 -0.09743180996 1.21394115e-21)
(0.8349313058 0.02868640557 -9.484433491e-21)
(0.7188680891 0.1808057195 -3.168057278e-21)
(1.008662872 0.2107412438 -2.84930766e-21)
(1.262682505 -0.1539445714 -8.184617227e-21)
(1.002276732 -0.2696282192 1.604498896e-20)
(0.7973550258 0.02796549809 2.028924257e-21)
(0.8744119023 0.1065109648 -2.191618066e-21)
(0.9355328352 0.01943333649 1.085210977e-21)
(1.205564778 0.05537339144 1.774162637e-21)
(1.20510982 0.04105444994 6.015181597e-21)
(1.215423003 0.01965875112 4.00282415e-21)
(1.214309929 0.008592241001 2.870431856e-21)
(1.2276399 -0.03217815782 -1.259888839e-21)
(1.218056796 -0.05123414159 8.910684754e-21)
(1.221033631 -0.1252312083 -7.80061452e-22)
(1.146990927 -0.1530321953 9.250805292e-21)
(1.097187226 -0.1725620911 -9.586518838e-21)
(1.041598449 -0.2215622839 -5.260023984e-21)
(0.8627944031 -0.05021143123 4.576671467e-21)
(0.9317235702 0.03634493353 9.035764118e-22)
(0.9276834377 0.1428748099 2.861783445e-22)
(1.107085764 0.1347669419 1.074603545e-21)
(1.248640434 -0.1500109686 -2.892433944e-21)
(0.978696928 -0.1934403927 4.291458255e-21)
(0.7907568157 0.05015006441 -2.450059476e-21)
(0.9146922453 0.08309435175 3.484838274e-21)
(0.9708905261 0.0109429658 2.568333733e-23)
(1.173184308 0.04466535836 -3.144845904e-21)
(1.175888327 0.03366267088 -1.197513747e-21)
(1.182812977 0.0133795192 -8.158752494e-21)
(1.182337653 0.002996392269 2.587252895e-21)
(1.188222026 -0.03009342461 -5.553529369e-22)
(1.177210299 -0.042180403 -1.498185579e-21)
(1.174857186 -0.09313686229 6.621611992e-21)
(1.125275888 -0.1097951754 3.186700458e-21)
(1.094306923 -0.1116764073 -4.463100896e-21)
(1.039515706 -0.1451367126 2.795459522e-21)
(0.9236301068 -0.03015405566 1.280492037e-21)
(0.9887765617 0.0127730649 6.447567952e-22)
(1.013158683 0.0891511637 0)
(1.123033174 0.07964621965 -2.833003336e-22)
(1.19384969 -0.1154792777 6.65037678e-21)
(0.977670478 -0.1134981633 1.440144771e-21)
(0.8644979379 0.05548852281 -2.866525318e-21)
(0.9910005604 0.05152636401 1.08581745e-21)
(1.018706353 0.002909775057 -3.461403667e-23)
(1.141571266 0.03412734547 -7.490426039e-23)
(1.145206203 0.02630269422 -4.090958475e-21)
(1.149391091 0.009055612803 3.854873587e-21)
(1.14903792 0.001171798911 -2.108969899e-21)
(1.151753281 -0.02431977169 1.156014995e-21)
(1.1399329 -0.03260090938 -1.058895161e-21)
(1.139734533 -0.06583837697 2.295555487e-21)
(1.10048123 -0.07493074324 -2.208244848e-22)
(1.084367595 -0.08230145505 -3.276925209e-21)
(1.042933947 -0.09985271196 2.558475914e-21)
(0.9823927636 -0.01880527449 -1.739109123e-21)
(1.020597455 -0.006568827864 -6.255152675e-22)
(1.028426955 0.0562804712 -1.835258024e-21)
(1.109276583 0.04642235264 -8.495254762e-23)
(1.128023109 -0.08896224245 2.349500197e-22)
(0.9840068924 -0.05619508104 1.833645879e-22)
(0.9607761108 0.05097575522 4.927608849e-23)
(1.047735698 0.02866203357 -4.810156851e-22)
(1.049122844 0.0002761041647 -5.822407203e-24)
(1.112592779 0.02453811134 5.366659545e-21)
(1.115887073 0.01893545215 -2.899038322e-21)
(1.118674872 0.006678215912 4.352429418e-22)
(1.118391995 0.0007554766032 -4.326274189e-22)
(1.119809339 -0.01648410324 5.809907109e-22)
(1.11055482 -0.02240621678 -9.755385672e-22)
(1.110123159 -0.04167239105 -1.575623005e-21)
(1.083882545 -0.04902149695 -2.526242007e-21)
(1.077871477 -0.0492965131 1.788573713e-21)
(1.045459599 -0.05993909712 1.802636822e-21)
(1.01876907 -0.01448081289 1.947523738e-21)
(1.033787022 -0.009667431021 2.867218248e-22)
(1.028940705 0.02559514542 -4.097293993e-22)
(1.091258925 0.02182508331 -5.459360687e-23)
(1.083983386 -0.05119402992 -4.630214245e-23)
(0.996695243 -0.02493243997 3.51948623e-22)
(1.014672652 0.03249878217 -4.654041796e-24)
(1.061142506 0.01446172582 -1.68303347e-22)
(1.055783719 0.0006494142059 -4.375543908e-22)
(1.087688592 0.01581291007 7.573492107e-22)
(1.090154675 0.01225397333 -1.27111265e-21)
(1.092023854 0.004629958083 -7.245442421e-22)
(1.091864773 0.000642054069 7.171168605e-22)
(1.092765715 -0.009608615207 0)
(1.086603614 -0.01372452556 -3.575746033e-22)
(1.086297209 -0.02427692721 -5.539053251e-22)
(1.070610233 -0.02863973218 -2.240433636e-22)
(1.066796181 -0.0292672791 1.262840838e-21)
(1.047425226 -0.03512831126 1.362535893e-21)
(1.033880173 -0.01164241437 2.999604407e-22)
(1.039305713 -0.01113067369 2.517601212e-22)
(1.033771673 0.01052195289 9.658704286e-22)
(1.066005566 0.008852066522 2.79339109e-22)
(1.05746856 -0.03110528481 -4.104941759e-22)
(1.013006734 -0.01201845738 2.210597509e-22)
(1.030304226 0.01898708559 1.259844709e-22)
(1.052704389 0.007814982685 2.593231129e-22)
(1.050266529 0.0009708842176 4.084983029e-23)
(1.069110276 0.008887211872 1.714655743e-22)
(1.070976692 0.0067669251 9.961864745e-22)
(1.072391762 0.002796834231 7.359876409e-22)
(1.072526162 0.0003151821475 -3.878719357e-22)
(1.073032679 -0.004801261936 2.036207e-22)
(1.069484828 -0.007483120319 -1.533226252e-22)
(1.06906949 -0.01234156591 1.964191963e-21)
(1.06025115 -0.01518737613 4.44874686e-22)
(1.058003943 -0.01536444208 -9.172325555e-22)
(1.046667811 -0.01809189 0)
(1.040155856 -0.008226465226 -8.612161532e-22)
(1.039771074 -0.007142007369 -8.585791799e-23)
(1.034057437 0.001503309694 4.674429719e-22)
(1.049992332 0.001668921983 3.133924341e-22)
(1.044009185 -0.01387464287 3.502222531e-22)
(1.019352255 -0.004348005179 1.167419371e-22)
(1.030291553 0.009021123393 -1.414742835e-22)
(1.041882862 0.003913377776 3.93769964e-23)
(1.042716522 0.0009299844376 2.062447134e-22)
(1.054446908 0.002201654095 1.310874128e-21)
(1.05558961 0.001651852552 1.942186462e-22)
(1.056454389 0.0007541682628 -8.078464696e-22)
(1.056551594 9.65538003e-05 -5.25869751e-22)
(1.056696032 -0.001065907974 -2.010290924e-22)
(1.054710419 -0.001711632321 5.568559863e-23)
(1.05375107 -0.002846044212 -3.987765236e-22)
(1.048752622 -0.003406953823 -4.240632213e-22)
(1.046218987 -0.003698253692 -1.264065239e-22)
(1.039435586 -0.004179363856 6.047332032e-22)
(1.034870546 -0.002532553375 0)
(1.0324416 -0.002623277049 -2.141701693e-23)
(1.028506496 -0.0006320492599 0)
(1.033330261 -0.0007327115188 0)
(1.028924964 -0.00366797415 -2.729393982e-23)
(1.01669093 -0.001149765653 2.661706483e-23)
(1.022442215 0.001469789022 -1.987036618e-22)
(1.027983955 0.0003957002372 -1.445343746e-22)
(1.029677362 -0.000109893327 2.357045814e-23)
(1.199747138 0.1685081952 -9.767567685e-22)
(1.203429359 0.1572550519 -3.91621365e-20)
(1.22890919 0.150771062 5.846380675e-21)
(1.220503536 0.1258242632 1.993135779e-20)
(1.270283817 0.1230060158 -1.113335513e-20)
(1.240861259 0.07707786802 -1.488037495e-20)
(1.17910256 0.147180983 1.766199454e-20)
(1.183204205 0.1384144252 -1.055497396e-20)
(1.201798209 0.1344291905 -3.634744602e-20)
(1.202716946 0.1159966258 -1.826341149e-21)
(1.23328564 0.1112748537 2.260227965e-20)
(1.240832807 0.08457528542 1.330580128e-20)
(1.157590986 0.1238150042 0)
(1.164072922 0.1186866956 2.094726498e-21)
(1.174187231 0.113799063 -1.625334378e-20)
(1.185153927 0.1044332607 -1.33759568e-20)
(1.199216873 0.09494278694 3.824125383e-21)
(1.222096184 0.08257486514 -2.416278172e-21)
(1.137216965 0.1015385657 -1.36709666e-20)
(1.143930941 0.09884839895 0)
(1.149317358 0.09342356229 8.178254031e-21)
(1.162782304 0.08952709885 -2.174866012e-22)
(1.169888082 0.07869643589 -4.121149923e-21)
(1.194550157 0.07318103735 -3.039558832e-21)
(1.118392967 0.08005882865 2.08543746e-20)
(1.123899329 0.07848537709 0)
(1.127446673 0.0738566555 -5.76806759e-21)
(1.138945659 0.07219647011 4.305689178e-21)
(1.143511823 0.06256679632 1.550246689e-20)
(1.164688494 0.06046074103 -2.746600513e-21)
(1.100743318 0.06072123112 1.018705986e-21)
(1.104858415 0.05960743878 -9.559906335e-21)
(1.107395281 0.05618967911 1.653150209e-20)
(1.116215791 0.05520224051 1.260551777e-21)
(1.119215468 0.04768815754 -1.660073762e-20)
(1.135937551 0.04678959264 1.327235538e-20)
(1.083844538 0.04348684465 -1.024954696e-20)
(1.086750771 0.04262803734 1.392908325e-20)
(1.088607056 0.04035744874 1.157823626e-20)
(1.094870222 0.03948201342 -2.424949175e-22)
(1.096962235 0.03436269667 -2.021840545e-21)
(1.108877268 0.03345280198 -1.552308232e-21)
(1.068686907 0.02829074291 2.15120034e-20)
(1.070584958 0.02767223995 6.676686085e-21)
(1.072015843 0.02627872225 -1.274420094e-20)
(1.075978942 0.02552917397 2.40857232e-21)
(1.077723223 0.02237940298 1.692951174e-21)
(1.085127049 0.02146234411 4.785538112e-22)
(1.056378393 0.01615009912 4.05251033e-20)
(1.057618121 0.01575860435 2.605277257e-21)
(1.058793528 0.01500128992 5.493287787e-21)
(1.061191393 0.01444173754 -2.611460265e-21)
(1.062817127 0.0127708068 -1.302908137e-20)
(1.067084714 0.01193279244 6.97572496e-21)
(1.046525007 0.003751488562 -8.077265505e-21)
(1.047303937 0.003668542588 -1.141116918e-20)
(1.048193967 0.003505924911 8.203393407e-21)
(1.049544851 0.003394253531 1.93519278e-22)
(1.050867115 0.003036564439 3.261530011e-23)
(1.053005105 0.002878359918 -1.390071166e-22)
(1.164908695 0.1919760325 1.434654858e-20)
(1.17793827 0.1843110565 -3.18646696e-20)
(1.186418912 0.1753242144 3.553066821e-20)
(1.151640239 0.1638292879 8.19282286e-22)
(1.161790289 0.1584663267 -2.204250771e-20)
(1.16869139 0.1516492158 -4.517322144e-21)
(1.136189658 0.135681154 5.18035154e-20)
(1.143755031 0.1318373817 0)
(1.150580596 0.1274321764 -9.442852559e-22)
(1.121305942 0.1105982509 -1.596726791e-21)
(1.126684243 0.1075771174 2.842607385e-20)
(1.132621932 0.1047362234 -1.874977239e-21)
(1.106474746 0.08685077483 -1.36058372e-20)
(1.11042577 0.08454681226 -3.226084506e-20)
(1.115089812 0.08258147435 4.625128816e-21)
(1.091888498 0.06563307367 -1.876230263e-20)
(1.094824768 0.06397509361 1.562982003e-20)
(1.098297725 0.06253775746 2.536751711e-20)
(1.077409002 0.04691831086 -1.462743597e-20)
(1.079559501 0.04577122202 -1.697627101e-20)
(1.082051686 0.04471876608 -1.454507853e-20)
(1.06413613 0.03054789261 4.146271332e-20)
(1.065680436 0.02979766018 -1.905940731e-21)
(1.067384919 0.02907715023 -3.778727522e-20)
(1.053016066 0.01748296079 -7.728834218e-21)
(1.054179254 0.01703927761 -1.905297127e-21)
(1.055387055 0.01660072898 8.051559234e-21)
(1.044102533 0.004044476524 8.211505181e-21)
(1.044977559 0.003942066973 9.787304579e-21)
(1.045773889 0.003845079698 -2.816747243e-21)
(0.9952196551 0.2307361134 -1.680424415e-20)
(1.049443678 0.2303759907 -1.001375649e-20)
(1.090737973 0.2237437938 6.23215285e-20)
(1.120260059 0.2151420007 -4.667945868e-20)
(1.139593315 0.2066219421 -2.356411745e-20)
(1.153937135 0.1993944777 3.875728926e-20)
(1.024937502 0.200626349 4.543820733e-20)
(1.066051927 0.1975040832 3.122669879e-20)
(1.096635388 0.1900579151 -7.354424669e-20)
(1.118222687 0.1822069797 -5.252990771e-20)
(1.132471278 0.175055261 2.00311289e-20)
(1.143258089 0.1695068984 4.620262912e-20)
(1.043863832 0.1660766636 5.451725657e-21)
(1.071975639 0.1606772289 -6.243824843e-21)
(1.093747052 0.1541839449 3.540022198e-20)
(1.109498754 0.148236099 -1.961391717e-20)
(1.120752439 0.1432880933 -8.650228753e-20)
(1.129032252 0.1394411523 9.564930962e-21)
(1.054433881 0.1336341039 1.349351118e-21)
(1.073609857 0.1285960569 2.665246159e-20)
(1.089220555 0.1237289941 1.258752415e-22)
(1.100758237 0.1194335858 5.935553993e-21)
(1.109445472 0.1159903009 -7.483414243e-21)
(1.11559207 0.1131700365 -2.872277491e-20)
(1.059016127 0.1044420814 1.165584341e-20)
(1.072068181 0.1002540603 -7.681499808e-21)
(1.083002426 0.09657195211 -1.337721002e-20)
(1.091262192 0.09336924801 5.574010052e-21)
(1.097658478 0.09082748776 1.706432321e-20)
(1.102161114 0.08871710554 9.123895694e-21)
(1.058678175 0.07878985222 -7.938963558e-21)
(1.067486068 0.07549693905 2.376244285e-20)
(1.075009241 0.07271464575 2.347299933e-20)
(1.080845059 0.07036763092 -3.313528294e-20)
(1.085438862 0.06851045727 -2.389243054e-20)
(1.088718718 0.06699201319 -1.679173226e-20)
(1.054427247 0.0563446162 5.200915254e-21)
(1.060423234 0.05390465454 -1.370553642e-20)
(1.065557081 0.05189448901 1.855124483e-21)
(1.069609939 0.05024320839 1.770171776e-20)
(1.072819473 0.04893512366 2.454438167e-20)
(1.075149676 0.04788475986 1.584393827e-20)
(1.047917074 0.03675894586 0)
(1.052175004 0.0351410529 0)
(1.05578194 0.03381223075 -1.752288071e-20)
(1.058653069 0.03272992363 2.472558559e-20)
(1.060907106 0.03187126446 8.876027054e-21)
(1.062561215 0.03118868317 -2.228746677e-20)
(1.04129061 0.02106180246 6.781304703e-24)
(1.044472829 0.02015281971 -7.641932577e-21)
(1.047061041 0.01939208912 4.206087387e-21)
(1.04910668 0.01876688297 -1.492624163e-20)
(1.050695648 0.01826355491 1.341198834e-20)
(1.05188701 0.01786572399 -1.626559459e-20)
(1.035400603 0.005009626892 1.007673604e-21)
(1.037927378 0.004730590793 4.0280718e-21)
(1.039828065 0.004517535745 5.109992887e-21)
(1.041350848 0.004357089218 1.588544551e-20)
(1.0424471 0.004232272699 -1.539144519e-20)
(1.043342672 0.004139235781 -2.785967984e-20)
(0.9956256898 0.01417202225 -9.03785075e-22)
(0.989363421 -0.00349254852 -3.48974121e-22)
(0.9744761481 0.05116904293 -5.071381107e-22)
(0.9650182546 0.04721910514 5.731000996e-21)
(0.9467091538 0.1188864919 0)
(0.9587281958 0.1362497948 -1.526023008e-20)
(0.9503584402 0.2128285558 -2.681082773e-20)
(0.9830493838 0.01589003664 7.323073341e-22)
(1.007836325 -0.002804461588 2.651377451e-21)
(0.9670727745 0.05569388898 -1.12198904e-20)
(0.9916846934 0.05226844588 1.575021999e-20)
(0.9591563359 0.1191492489 -6.848919583e-22)
(0.9935877515 0.1310427418 -1.256186344e-20)
(0.98389913 0.1930405786 -2.55775148e-21)
(0.9793348012 0.01739439186 1.807569054e-21)
(1.011835047 -0.002438445885 2.946628461e-21)
(0.9722798927 0.06038750787 1.280609132e-22)
(1.001930802 0.05301349017 3.79611772e-21)
(0.9817484048 0.115595136 -3.19679095e-21)
(1.013346598 0.1184160365 -1.391493737e-21)
(1.013847394 0.1668313393 1.447203515e-20)
(0.9868866461 0.01927113953 1.872784922e-21)
(1.005727122 -0.001281063816 -1.858186144e-21)
(0.9848826225 0.06125226239 8.185631985e-23)
(1.006216241 0.05233003456 -4.195905415e-21)
(1.002398187 0.1045585062 -9.609527865e-22)
(1.025950584 0.1036602577 -2.610454927e-21)
(1.033671316 0.1372490829 -8.188165419e-21)
(0.9952415443 0.01999951923 -4.161014383e-21)
(1.002610108 0.0019848065 1.635314116e-21)
(0.9966841749 0.05565397646 4.852689862e-22)
(1.011123453 0.05011373332 -5.251797769e-22)
(1.017869421 0.08784755514 -3.349197241e-21)
(1.034631647 0.08698148896 4.958555617e-21)
(1.044964136 0.1083558214 -6.374751169e-21)
(0.9994597945 0.01801650105 5.741306428e-22)
(1.003561561 0.006599486272 -1.938905007e-21)
(1.006032739 0.04570234232 -1.134423513e-22)
(1.016293116 0.04566202383 -2.330117417e-21)
(1.027477829 0.07002515164 -9.200428009e-22)
(1.039279949 0.06942518281 4.335114794e-22)
(1.049374562 0.0821585927 -7.189665131e-22)
(1.000454746 0.01486047791 -1.649415659e-21)
(1.005063722 0.009679471721 -2.308365966e-21)
(1.012444121 0.03522127255 7.914095446e-22)
(1.02022469 0.03788558915 -9.235744074e-23)
(1.031262821 0.05247121163 -9.269673835e-22)
(1.039614603 0.05186850408 -4.523935316e-21)
(1.048163886 0.05893882744 1.507657137e-21)
(0.9999841018 0.01068116709 0)
(1.006097401 0.01020261372 1.712512991e-21)
(1.015249766 0.02484074678 1.715859587e-22)
(1.021879719 0.02739914891 -3.998595457e-21)
(1.030862839 0.03528280816 8.282428185e-22)
(1.036996906 0.03491369544 4.247204674e-21)
(1.043485297 0.03844558982 5.623416006e-23)
(0.9993555154 0.006480490362 1.234961692e-22)
(1.005897045 0.008288798727 -9.531989438e-22)
(1.014754334 0.01532213164 -1.540735099e-21)
(1.021231817 0.01690338781 1.634243336e-21)
(1.028259609 0.0205866192 2.050223639e-21)
(1.033184643 0.02044104729 3.287381773e-23)
(1.03788245 0.0219729641 0)
(0.9991219761 0.001682132215 -1.030500687e-22)
(1.005570396 0.002249355089 7.535707536e-23)
(1.013340053 0.003943918863 5.075917832e-22)
(1.019525069 0.004147499342 4.857665225e-23)
(1.025143652 0.005054967566 2.344209306e-21)
(1.029207901 0.004913972391 -1.299659829e-21)
(1.032663692 0.005327565739 -6.528882166e-21)
(1.001789368 9.788810891e-05 1.93159324e-22)
(0.9805560964 -0.003892212015 6.445884975e-22)
(0.9694011027 0.002974082242 6.05825179e-22)
(0.9411205149 0.002388233452 2.764126432e-21)
(0.908138094 0.01102706116 -6.215586054e-21)
(0.8642128773 0.01375426545 -2.864288003e-20)
(0.8169047743 0.02843873125 1.848588531e-20)
(1.004855238 0.003890935168 -2.881602234e-22)
(0.9770389491 -0.004050581606 -1.944746297e-21)
(0.9724594835 0.01476120508 9.544257713e-22)
(0.939344041 0.01449290658 2.49683103e-21)
(0.9132258656 0.03986061969 2.045631352e-21)
(0.8702267216 0.0528187449 -2.123365906e-21)
(0.834694585 0.09691092346 -2.305079531e-20)
(1.007597478 0.007969395963 1.673819596e-21)
(0.9735423718 -0.004334582375 -1.915139667e-21)
(0.9767198341 0.02702279856 -1.218532198e-21)
(0.9384822501 0.02632382367 1.192961105e-21)
(0.9235844515 0.06593261915 5.173708615e-21)
(0.8859647497 0.08547054455 4.354658603e-22)
(0.8712874876 0.1495618859 1.879011671e-20)
(1.005651579 0.01088431986 -7.821519422e-22)
(0.9743770831 -0.002544040623 5.064028379e-21)
(0.9803874723 0.03950694995 7.320931925e-21)
(0.936330122 0.04256413267 -2.92255432e-21)
(0.9370725097 0.0990343722 -6.901177076e-21)
(0.8946571944 0.1314885226 -7.54744013e-21)
(0.9202829968 0.2050370448 -1.843505403e-20)
(-0.00153008835 -0.01442697812 -4.861884802e-21)
(-0.005224333215 -0.04341871141 -5.028435751e-20)
(-0.01061938987 -0.0752404294 7.428229464e-21)
(-0.01852599036 -0.108024152 2.218081986e-20)
(-0.02979912207 -0.1386837506 -7.826487658e-21)
(-0.04540433439 -0.1630709356 2.879769612e-21)
(-0.06612862468 -0.1770376916 -1.671390743e-20)
(-0.09170209289 -0.1782942333 1.921894638e-20)
(-0.1193580862 -0.1669648512 1.498218808e-20)
(-0.1438546319 -0.1416141791 -1.865917666e-20)
(-0.1670345368 -0.09913115559 -1.266135056e-20)
(-0.1347945643 -0.006310627878 -4.056736875e-21)
(-0.004240203004 -0.01423240275 -1.449021686e-21)
(-0.0126628669 -0.04362245717 5.820499774e-21)
(-0.02167737649 -0.0772016444 -3.850075902e-21)
(-0.03065113061 -0.1137804811 -7.895546298e-21)
(-0.03870377402 -0.1508287933 1.268587248e-21)
(-0.04462948929 -0.1842183474 -5.89431581e-23)
(-0.04691151666 -0.2086078248 2.44607314e-22)
(-0.04350111085 -0.2189936334 0)
(-0.0311211873 -0.2125786802 -3.655742383e-21)
(0.006407444025 -0.1886632815 -1.843542205e-20)
(0.02920287135 -0.1474929458 -7.730409704e-21)
(0.1985748734 -0.03698632438 -4.168583996e-21)
(-0.004919565491 -0.009400936413 1.255273135e-21)
(-0.01481511499 -0.0294505898 -6.302897242e-21)
(-0.02538118902 -0.05341049527 -5.03689506e-20)
(-0.03540668101 -0.08094352879 -1.590683394e-20)
(-0.04284685323 -0.1106466254 1.646169562e-20)
(-0.04438900917 -0.1396227708 -1.901661211e-21)
(-0.03522325485 -0.1632509667 4.773021928e-21)
(-0.008754071939 -0.175726033 3.016165128e-21)
(0.042439449 -0.1704967029 0)
(0.1575163701 -0.1545206518 0)
(0.2450553779 -0.09735195806 -2.975375992e-20)
(0.6456027529 -0.02258898635 3.17145091e-21)
(-0.005263521591 -0.006463955176 -5.131487151e-21)
(-0.0156487113 -0.0196725365 -3.28572215e-20)
(-0.02629962746 -0.03470208616 5.242326594e-20)
(-0.03528857012 -0.05101199254 2.907645477e-20)
(-0.03901387244 -0.06745121642 -1.355632248e-20)
(-0.03124146411 -0.08205979173 -4.673736017e-21)
(-0.001974083464 -0.09182621803 -1.8435415e-20)
(0.06392583616 -0.09281841557 1.309816403e-20)
(0.1859328912 -0.0800974778 -8.298886248e-22)
(0.3976656588 -0.06392187998 1.001805754e-20)
(0.6242071254 -0.02523310399 4.19106728e-21)
(1.057890351 -0.0001825556848 7.514291314e-22)
(-0.005616966446 -0.004643249175 2.781814567e-21)
(-0.01487541264 -0.01301041497 -1.403104363e-20)
(-0.02096770186 -0.02105718302 -4.15234443e-20)
(-0.0194500494 -0.02783771821 -4.591352296e-21)
(-0.002916589889 -0.03213978883 -1.419851123e-21)
(0.04045392862 -0.03280544317 6.82824568e-20)
(0.1282623357 -0.02926278611 -8.413185829e-21)
(0.2832507664 -0.02280760357 2.299861003e-20)
(0.5236476891 -0.02024603363 -3.21516915e-20)
(0.8223620723 -0.02328065272 2.269637936e-21)
(1.125912483 -0.04651016787 9.305503747e-21)
(1.322249319 -0.02678398565 -1.023548475e-20)
(-0.002223002519 -0.001447042811 -3.987050133e-21)
(-0.00134461197 -0.003008850051 -3.946507498e-21)
(0.009483431641 -0.003468603332 9.376711644e-20)
(0.03827108113 -0.002641324184 3.538607039e-20)
(0.09705366809 -0.0006151093461 -3.163221077e-20)
(0.2029180698 0.001279706974 -7.427608773e-21)
(0.3766947148 -0.0008214687098 3.628364715e-20)
(0.6325849562 -0.01524542032 -1.266494086e-20)
(0.9403527416 -0.04855442581 6.804819368e-20)
(1.206792421 -0.08998188996 -1.151775407e-20)
(1.333999447 -0.109121537 -5.159722149e-20)
(1.346345029 -0.0952914734 2.678906903e-20)
(0.004981920368 0.001488706194 1.382455339e-20)
(0.0235394851 0.005215835169 6.897841321e-20)
(0.05922998348 0.009101698817 -7.191380674e-20)
(0.1226982599 0.01172285243 -1.48893804e-20)
(0.2285926584 0.01084076857 -3.19655278e-20)
(0.3945741926 0.00207820277 1.379374599e-19)
(0.6335244385 -0.02194738247 1.065750866e-19)
(0.9257824747 -0.06810480083 -1.318270869e-19)
(1.18022626 -0.121393416 9.736009047e-21)
(1.303341078 -0.1480103532 8.406534589e-21)
(1.317675399 -0.1408111286 -9.650937315e-22)
(1.304361847 -0.1139870704 -3.397517936e-20)
(0.01360535613 0.003028590274 4.219062624e-21)
(0.05194263154 0.008778892486 3.004510994e-20)
(0.1133973299 0.01278399513 -1.35592535e-19)
(0.209767093 0.01195992363 -8.086833257e-20)
(0.3555706001 0.002192054242 1.210332178e-19)
(0.563698282 -0.02260890018 -4.994663459e-20)
(0.8294944374 -0.06879804572 6.799124593e-20)
(1.095416037 -0.1294597956 9.228696186e-20)
(1.266676136 -0.1714830369 -5.522823646e-20)
(1.326201555 -0.1798503077 3.592693699e-21)
(1.32510941 -0.1670284378 -3.315216228e-20)
(1.30155245 -0.144436643 7.58034163e-22)
(0.02193730214 0.003275765349 -3.297652283e-21)
(0.07865931776 0.008318269577 -2.20899881e-20)
(0.1628203128 0.009456596737 3.268008189e-20)
(0.2860980124 0.002341875972 -3.41923245e-20)
(0.4608567005 -0.01812789631 -3.071398273e-20)
(0.6924219557 -0.05779100696 -5.67569683e-21)
(0.9582092273 -0.1177486637 -3.382111116e-20)
(1.185408515 -0.1782523418 9.650007928e-20)
(1.307551594 -0.2097448026 1.142923676e-21)
(1.332842607 -0.2098279438 -1.877781503e-20)
(1.309893047 -0.1899279847 0)
(1.278710861 -0.1606138995 -1.364311818e-20)
(0.02947163174 0.002704950666 7.752624902e-21)
(0.1020064414 0.005537891808 3.334991446e-20)
(0.2046061504 0.002461061873 -3.357496362e-20)
(0.3481487146 -0.01161975995 -2.201837928e-20)
(0.5421061701 -0.04199364881 5.364063689e-20)
(0.7843842233 -0.09297597393 2.588924314e-20)
(1.040072176 -0.1598108549 -1.364718833e-20)
(1.235422713 -0.2168306164 5.575625964e-20)
(1.323470267 -0.2391691606 -1.729176991e-20)
(1.328513221 -0.2305188293 3.765750344e-20)
(1.301476436 -0.2058720132 -9.526146109e-20)
(1.270045928 -0.1756825467 8.259519521e-20)
(0.03661321217 0.00145643627 0)
(0.123989971 0.0008316045253 -6.242055923e-21)
(0.2434564336 -0.007544486864 7.905411733e-21)
(0.4046000123 -0.02928453239 -1.306144135e-20)
(0.6134480452 -0.06942882656 -8.780616656e-20)
(0.8606416215 -0.1300295696 5.51589049e-20)
(1.102480417 -0.2007136811 9.648728042e-21)
(1.269002732 -0.2524439224 8.579931449e-20)
(1.331203385 -0.2657427915 5.477530653e-20)
(1.322678149 -0.250505982 -7.115413319e-20)
(1.289902029 -0.2217133841 2.938409672e-20)
(1.256361811 -0.1879642082 2.992376074e-20)
(0.04477901369 -0.0007114861368 -8.192521865e-21)
(0.1485288463 -0.006688638549 -3.66008948e-20)
(0.285763834 -0.02245004008 6.120507374e-20)
(0.4641407185 -0.05380167682 -2.43873871e-20)
(0.6853627709 -0.1048734995 -7.020949061e-20)
(0.9324512083 -0.1744330097 1.559281234e-19)
(1.155499373 -0.2463595737 2.385888103e-20)
(1.292622525 -0.2903841213 -1.5770964e-19)
(1.331534124 -0.2937317571 2.847725818e-20)
(1.311981643 -0.2711142976 3.00409202e-20)
(1.277196874 -0.2376593138 1.197253017e-19)
(1.244235316 -0.2012795472 -1.114164526e-19)
(0.05284622412 -0.003797262401 1.591459801e-20)
(0.1725731425 -0.01690541032 1.719551544e-20)
(0.3265639379 -0.0417206998 -1.850506729e-19)
(0.5199716566 -0.08381774664 5.584577872e-20)
(0.7497230178 -0.1457543847 1.329084709e-19)
(0.9919662631 -0.2224308672 -5.129420834e-20)
(1.194016734 -0.2928745415 -9.744015809e-20)
(1.304419288 -0.327729257 4.754156219e-20)
(1.324945531 -0.3210952348 6.309332657e-20)
(1.298118443 -0.291757878 -3.191570146e-20)
(1.26172641 -0.2539445101 -1.049693558e-19)
(1.228985713 -0.2138971855 0)
(0.06080854838 -0.007666584512 -1.216251047e-22)
(0.1954346558 -0.0291517261 1.380798721e-20)
(0.3639893235 -0.06394574793 6.367195689e-20)
(0.5690071643 -0.1169432271 3.216764874e-20)
(0.8029404252 -0.1887101727 -7.234187268e-20)
(1.036728663 -0.2703147567 -1.568177653e-20)
(1.21799272 -0.337275626 -4.584517022e-20)
(1.305942067 -0.3625038625 9.600562625e-20)
(1.31266069 -0.3464823602 -6.437680048e-20)
(1.281096748 -0.31082753 -7.642198815e-20)
(1.244893588 -0.2686526037 6.453077203e-20)
(1.214094986 -0.2253036875 -3.691395846e-21)
(0.06855159264 -0.01275787419 1.509325081e-22)
(0.2176465978 -0.04484300088 -2.458662785e-20)
(0.3998937147 -0.09160114292 -5.790970106e-20)
(0.6147007248 -0.1568273646 -8.595402937e-20)
(0.8498626872 -0.2386006205 5.309432279e-20)
(1.072155459 -0.3238580665 1.267753441e-20)
(1.231732114 -0.3853512565 -1.099252917e-19)
(1.298909698 -0.3995430255 1.634445469e-19)
(1.294049616 -0.3735113718 -5.41731946e-20)
(1.259379826 -0.3311806834 -2.079562724e-20)
(1.224106656 -0.284221716 -2.514987318e-20)
(1.19584677 -0.2368406646 -2.430483343e-20)
(0.07794754934 -0.02086732541 -6.448395285e-21)
(0.2437019108 -0.06926395131 3.043755376e-20)
(0.4403783336 -0.1334790994 -2.330609599e-20)
(0.6632775621 -0.2151850547 -1.499424852e-19)
(0.8949412241 -0.3086077266 5.432038925e-19)
(1.099156065 -0.3955573613 -2.792304633e-19)
(1.231940055 -0.4471188484 -9.803522846e-20)
(1.276834539 -0.4461531892 1.918372781e-19)
(1.261416211 -0.4074809914 -1.483038758e-19)
(1.225701412 -0.3564299032 -1.102597434e-19)
(1.193678965 -0.302836007 -1.92805039e-19)
(1.170438277 -0.2502306334 5.943392631e-21)
(0.08693604313 -0.03315433072 -1.374801672e-20)
(0.2675657067 -0.1053036289 -4.974991494e-20)
(0.4750470219 -0.1935612058 1.185162818e-19)
(0.6999322815 -0.2958978467 4.545728659e-20)
(0.9199473006 -0.4010711549 -8.349750362e-20)
(1.098706674 -0.4854626672 -4.372564782e-20)
(1.201920646 -0.5212678111 7.935248763e-20)
(1.226877755 -0.5011315827 3.337371605e-20)
(1.206015152 -0.4475148205 -2.612981626e-20)
(1.174483189 -0.3856849701 -5.676908657e-20)
(1.14897364 -0.3235720738 3.691456678e-20)
(1.133065052 -0.2643500063 -4.498003349e-20)
(0.09195687844 -0.05028470805 -6.833434297e-21)
(0.2787211079 -0.1543468336 -9.87766356e-20)
(0.4862825579 -0.2729821481 -4.997155035e-20)
(0.7010380029 -0.3985008519 1.518540861e-19)
(0.8981607236 -0.5128329426 -6.082586404e-20)
(1.045237332 -0.5880087106 1.954944987e-19)
(1.120418956 -0.6014239457 -4.460521634e-19)
(1.133628547 -0.5585478185 4.626891952e-19)
(1.11726443 -0.4879863835 -3.008947554e-19)
(1.09718518 -0.4138009574 -1.180217239e-19)
(1.083076597 -0.3425039605 9.99692792e-20)
(1.078554122 -0.2764919225 1.551783897e-20)
(0.08588789104 -0.06958020552 -4.235462497e-21)
(0.2572707869 -0.2084241992 6.537569843e-20)
(0.4428406932 -0.3577711051 -1.70871957e-19)
(0.62768408 -0.5027902699 -1.745393503e-20)
(0.7887358062 -0.6187613482 3.341030518e-19)
(0.9020666513 -0.6769925021 3.256559264e-19)
(0.959966294 -0.6632950013 -4.842722921e-19)
(0.9789956681 -0.5964080136 -1.832559521e-19)
(0.9817184696 -0.5119689095 -1.004595421e-20)
(0.9831262131 -0.4282068516 6.465803749e-20)
(0.9875446554 -0.3500888598 9.250336906e-20)
(0.9983055697 -0.2806870256 4.878201174e-20)
(0.06718126107 -0.08124229354 -1.275322215e-20)
(0.1995531982 -0.2381605446 -4.367455586e-20)
(0.3407670417 -0.3984973732 -3.347086421e-21)
(0.4791868035 -0.5422059272 -4.655700166e-19)
(0.5990328342 -0.6424771101 5.326870742e-19)
(0.6880944369 -0.676230534 -1.809317628e-19)
(0.7470442958 -0.6426261135 1.039008595e-19)
(0.7872408642 -0.5682059945 6.851609616e-20)
(0.8203581825 -0.4833569178 -6.232860312e-20)
(0.8513749997 -0.4012189751 8.866338087e-20)
(0.8780066262 -0.3261372438 3.514090073e-20)
(0.9019212087 -0.261640271 6.445518581e-21)
(0.04110949781 -0.07537840532 -4.895841845e-20)
(0.1234469258 -0.2181186815 -2.359850697e-19)
(0.2141755991 -0.3593359024 -6.246209844e-21)
(0.308265658 -0.4794324699 8.558984056e-21)
(0.3982731929 -0.5557142405 5.8930792e-20)
(0.4789218062 -0.5729032156 -2.853894884e-20)
(0.5501764769 -0.5361534334 -3.559776005e-20)
(0.6154180451 -0.469598345 -5.588912044e-20)
(0.6782216495 -0.3966671384 7.854092954e-20)
(0.7386644596 -0.3267871655 -4.383890672e-20)
(0.7926924091 -0.2623571009 -2.905691056e-20)
(0.8398928002 -0.2056172846 3.653929208e-20)
(0.01743096327 -0.05429980168 2.398945932e-20)
(0.05555321872 -0.1559552139 3.392464501e-20)
(0.1035960304 -0.2546445392 6.948031638e-21)
(0.1628226318 -0.3359762996 1.744309647e-20)
(0.2321556816 -0.3846098422 -3.997315524e-20)
(0.3095997108 -0.3919525047 -2.915780569e-20)
(0.3924034257 -0.3638803588 9.81049044e-20)
(0.4773502554 -0.3177196736 -5.807848683e-20)
(0.5620637088 -0.2685259619 -5.459366564e-20)
(0.6438097761 -0.2219494588 -3.377027224e-20)
(0.7188606753 -0.1794231685 -6.207867655e-20)
(0.7863117697 -0.1419152521 1.570039893e-20)
(0.003153583618 -0.02131750744 -1.396533199e-21)
(0.01508231684 -0.06098917796 -5.877191349e-20)
(0.03865163247 -0.09910590653 -6.855575878e-20)
(0.07907382518 -0.1299307273 5.255712209e-21)
(0.1388135815 -0.1475861687 6.268291433e-20)
(0.2170150082 -0.1491583115 5.81791614e-20)
(0.3084561334 -0.1374331377 -1.273826217e-19)
(0.4056456944 -0.119264088 1.989625589e-19)
(0.5028107483 -0.1002647172 1.49255162e-19)
(0.5957923769 -0.08249034832 -7.999492825e-20)
(0.6810903235 -0.0665530648 -9.34588185e-20)
(0.7578087875 -0.0530125271 -4.45874117e-20)
(-0.1104981007 0.06624741819 6.766503563e-20)
(-0.08994991957 0.158460582 -3.833625616e-21)
(-0.06096880815 0.2631357699 -2.760047739e-20)
(-0.04043899548 0.360237567 2.407864199e-20)
(-0.0001177710129 0.440785175 1.305658961e-20)
(0.04713523628 0.4089576206 3.319943536e-20)
(0.2268860499 0.0972965124 4.968617907e-20)
(0.3974862022 -0.107759586 1.066391447e-19)
(0.5903967599 -0.4237130656 -2.447368958e-20)
(0.4712717982 -0.618202942 1.295078845e-20)
(0.6124435453 -0.2193680622 2.507664905e-20)
(0.9348876551 0.005391312263 -1.01782758e-20)
(1.007383085 0.4448400737 -2.389330197e-22)
(0.8764299304 0.6620280991 -2.332479242e-22)
(1.004202528 -0.133536634 6.71153875e-21)
(0.9416577502 -0.4582688811 5.101069691e-21)
(0.9538342814 -0.03049865367 -2.343620149e-22)
(0.9439859208 0.1319574225 9.418225317e-22)
(0.9283489728 0.02957725927 1.016885232e-21)
(0.2453091068 0.06477678249 -1.355879405e-20)
(0.2743354825 0.1580675902 7.699407343e-21)
(0.2945445091 0.2487268689 -2.925024109e-20)
(0.2814197926 0.3370784568 -3.224569056e-20)
(0.2376100942 0.4215027788 4.903712518e-21)
(0.1413530498 0.4519988619 1.644600847e-20)
(0.1377169412 0.2096170341 7.640791478e-21)
(0.2393946497 -0.007199004366 -1.088189066e-19)
(0.3094392685 -0.3901888551 4.570606471e-20)
(0.3612816683 -0.5667312424 -4.972179979e-21)
(0.6704075884 -0.1166806314 6.13004917e-22)
(0.9877275568 0.07606269667 3.505120058e-21)
(1.119160849 0.4132194916 2.775504569e-20)
(0.8817378443 0.649877548 0)
(0.9456570716 -0.1177343028 7.852017117e-21)
(0.9029894643 -0.4547649557 -5.949085933e-21)
(0.9544574366 -0.03344477067 2.178695781e-21)
(0.9474110402 0.128889066 -1.164155293e-21)
(0.9253820754 0.0278818831 -1.985716253e-22)
(0.6817618419 0.05476768009 2.940487357e-21)
(0.7210042955 0.1390884733 6.19602609e-22)
(0.7482622653 0.219561342 -3.26840179e-20)
(0.7491885524 0.2774862953 -4.104414949e-20)
(0.6695718233 0.3134298076 1.797933465e-20)
(0.5507385368 0.375945154 2.693656316e-20)
(0.2851432412 0.2445718453 -6.438963532e-20)
(0.2908278578 0.06060578338 -9.562395217e-20)
(0.2126836856 -0.3066618914 -3.879379009e-21)
(0.44771539 -0.4669776901 1.832233421e-20)
(0.8175081539 -0.02304256419 4.341304268e-21)
(1.034789447 0.1405526005 1.542862398e-20)
(1.179129382 0.3803131295 -1.986079704e-21)
(0.8828088026 0.6285718313 -1.295653528e-20)
(0.8795916751 -0.09902336683 -1.266723115e-20)
(0.8677356949 -0.4420354034 3.600033232e-21)
(0.9588027036 -0.03367542637 6.833498614e-22)
(0.9483596989 0.1243705314 -1.53281911e-21)
(0.9195710335 0.025860046 5.395415003e-22)
(1.067438931 0.05697706684 -9.691175576e-21)
(1.084486138 0.1237490532 -5.219477651e-21)
(1.066707133 0.1882465992 -1.660643051e-22)
(1.068067315 0.2543745931 -6.4377437e-21)
(0.9632367923 0.2547174505 2.678672205e-21)
(0.9543304118 0.2649902293 -2.99056866e-20)
(0.7046111091 0.1847979691 2.141598204e-20)
(0.5583731611 0.07051432023 -2.599006085e-20)
(0.3396128441 -0.2004694267 1.368070653e-20)
(0.596550744 -0.3597352421 -2.096440191e-20)
(0.9813078117 0.01313207607 2.782753169e-21)
(1.076708088 0.1680976218 1.035692386e-20)
(1.209941783 0.3353282506 1.152019565e-20)
(0.8943155693 0.5873308657 5.182828398e-21)
(0.7916462618 -0.06636423966 8.833896087e-20)
(0.8147683978 -0.4237504089 1.88166395e-20)
(0.9637144249 -0.03863819631 9.408399733e-22)
(0.9497420479 0.1170528796 6.281709846e-22)
(0.9131912133 0.02316004583 0)
(1.304475568 0.0115523764 3.625269511e-20)
(1.303963313 0.076002156 2.970952976e-20)
(1.247457526 0.1221636741 -5.716476916e-20)
(1.23154216 0.1886543133 1.078602843e-20)
(1.113243495 0.2011308722 -2.270112068e-20)
(1.062057409 0.2193830236 -7.946128148e-21)
(0.9333264703 0.1270446912 -3.060349706e-20)
(0.8533300028 -0.00210327229 5.272704637e-21)
(0.662543893 -0.1608815308 -3.779455346e-21)
(0.8514220599 -0.2596646953 -6.169992236e-21)
(1.15666397 0.05398256998 -6.409591194e-22)
(1.123025472 0.174697407 -3.014878457e-20)
(1.23124072 0.2983687364 -1.420712469e-20)
(0.9141540568 0.5211553351 6.2043312e-21)
(0.7417886327 -0.04631062605 2.645449715e-20)
(0.7927767527 -0.3948354507 2.347921152e-20)
(0.9837227049 -0.02715544364 4.067931554e-21)
(0.9538328475 0.1116744103 0)
(0.9097245078 0.02040902096 -1.989710065e-21)
(1.281497074 0.01281919201 6.416657378e-21)
(1.278021046 0.07125360652 -8.829328096e-21)
(1.231970022 0.1063913773 -1.542142426e-20)
(1.209903803 0.1681448356 1.810588371e-20)
(1.111453336 0.1557248074 -1.187740219e-20)
(1.06631136 0.1639040471 1.036469716e-20)
(0.9674458635 0.09448286796 3.361591097e-21)
(0.9568816722 -0.05689078146 -3.110634671e-20)
(0.9041812153 -0.1700247622 5.085597366e-21)
(1.068034114 -0.1824659476 3.325750418e-21)
(1.28560261 0.08912003706 5.641409643e-21)
(1.151794175 0.1839380899 -4.266911566e-20)
(1.214973051 0.2836521523 -6.110660927e-20)
(0.9013965249 0.4432391701 -8.711445004e-21)
(0.6550259522 -0.08495683941 -6.559882548e-20)
(0.7787090674 -0.3649100284 -1.927509848e-20)
(1.013311444 -0.007534051804 2.557672385e-21)
(0.9588810512 0.103733492 2.879798157e-21)
(0.90757453 0.01564224327 -7.838878873e-22)
(1.243251698 0.0003290238348 -6.795468402e-21)
(1.24179362 0.04477195499 -7.793246817e-21)
(1.207394281 0.06018879878 6.013253652e-21)
(1.192901398 0.1065926878 -2.343058132e-22)
(1.113810452 0.09637019849 5.281680191e-21)
(1.093665331 0.1007663791 9.368723175e-21)
(1.01023684 0.07114737017 -9.31563897e-21)
(1.000737508 -0.04638939996 -2.783966048e-21)
(1.046402924 -0.1143425299 5.645739688e-22)
(1.168203286 -0.1032739902 -4.452446755e-21)
(1.299441782 0.08604951666 7.776605489e-22)
(1.127791991 0.1538802844 1.46146238e-20)
(1.179311418 0.238661849 5.813905788e-21)
(0.9417476148 0.3510168089 1.005419156e-20)
(0.5816460494 -0.1054979879 1.534019311e-20)
(0.8096664468 -0.3008859989 -1.654084312e-20)
(1.059057396 0.01538016273 1.811796949e-22)
(0.9688131454 0.09063822538 2.432212679e-21)
(0.9113727528 0.009748085988 1.785315134e-21)
(1.199870945 -0.009000318552 -4.848719956e-21)
(1.199267433 0.02496168143 -1.633415971e-20)
(1.17399223 0.03531672792 -2.186626945e-21)
(1.167213564 0.07243170411 9.537497036e-21)
(1.111279937 0.06351776836 -6.686275476e-21)
(1.104421747 0.07025888817 4.624943038e-21)
(1.051073545 0.04700404222 5.208087684e-21)
(1.03915347 -0.02804573679 -2.100735907e-21)
(1.098026115 -0.06015096259 -2.234569184e-21)
(1.161917569 -0.05346728523 7.12976435e-22)
(1.244480304 0.07428285849 2.080236165e-21)
(1.121619443 0.1242999093 4.578284717e-21)
(1.116425468 0.2166803456 9.385305042e-21)
(0.9399185132 0.2396698022 -1.260050527e-21)
(0.6175394933 -0.1329161206 2.736007659e-21)
(0.915530378 -0.2139289009 -2.800256199e-21)
(1.108862932 0.03669868639 1.216820318e-21)
(0.9845266055 0.06843067772 -3.785678356e-21)
(0.9302563226 0.001223504325 1.328624625e-23)
(1.160689903 -0.01507657657 5.796052707e-22)
(1.1605842 0.009044734711 4.023014057e-21)
(1.146388663 0.01490879385 1.402569855e-20)
(1.143354357 0.03876230853 -6.59514892e-21)
(1.10954658 0.03472257141 9.121350433e-22)
(1.107235012 0.03821823575 -2.134524128e-21)
(1.073322889 0.02667610558 5.21259619e-22)
(1.069922416 -0.009572851447 4.393502754e-21)
(1.102276441 -0.02511672227 3.399696388e-22)
(1.134949725 -0.02078946404 6.661095041e-22)
(1.180355567 0.06983699124 -1.541424668e-21)
(1.107397167 0.08314096561 2.088602487e-21)
(1.087560823 0.1541612377 0)
(0.9466603181 0.1525867558 5.066391479e-22)
(0.7730216049 -0.1264440186 -3.868276e-21)
(1.03502179 -0.1279048933 -1.599480351e-21)
(1.126508659 0.04176611594 4.530816569e-21)
(1.006963616 0.03940345615 -1.334155833e-21)
(0.9737366114 -0.006212869848 -5.031622669e-23)
(1.127820767 -0.01695168724 -1.069027431e-21)
(1.128358847 -0.001274500968 1.559723545e-21)
(1.121081453 0.001688922569 -2.899825903e-21)
(1.120236452 0.01928940544 2.118042645e-21)
(1.101730591 0.01533337861 -9.496214161e-22)
(1.10171156 0.02412789242 6.566259447e-22)
(1.081663621 0.01526450962 -5.726082853e-21)
(1.085632182 0.002128493284 -1.281486653e-21)
(1.092152121 -0.0002173681537 2.412658474e-21)
(1.115823036 -0.004318848542 5.551508902e-23)
(1.129248863 0.05654444626 -9.241728782e-22)
(1.080724466 0.05800114071 8.041717782e-22)
(1.073385995 0.1169497479 -9.472418918e-22)
(0.9625659805 0.09245801007 -3.132379266e-22)
(0.9101329628 -0.1008674683 3.193129291e-22)
(1.084882559 -0.07014449236 1.128409683e-22)
(1.100796772 0.03343068014 -2.965951486e-23)
(1.023451556 0.0153155499 3.342362574e-22)
(1.018528364 -0.010497862 -2.543756226e-23)
(1.101279343 -0.0160099363 -3.694841965e-21)
(1.101663033 -0.00653444181 1.08015795e-21)
(1.099503458 -0.004298284212 -1.792119347e-22)
(1.09940342 0.006262702049 3.063865886e-21)
(1.090535998 0.005466233574 -2.76509101e-21)
(1.092611494 0.01192458956 1.91861879e-21)
(1.079231362 0.008810133696 2.245353545e-21)
(1.086347026 0.006063053379 -8.296117619e-22)
(1.080894342 0.008147649727 -1.519850219e-21)
(1.093978901 0.005983953724 -7.650018885e-22)
(1.095095757 0.0436673967 -5.764344463e-22)
(1.067720926 0.03741493929 -3.124389382e-22)
(1.063285574 0.06693394165 -2.504106697e-22)
(0.9806289752 0.05430455247 1.099273207e-21)
(0.9784731116 -0.05833443862 4.889269023e-22)
(1.07998398 -0.03657250121 6.16581271e-23)
(1.071204956 0.01772342548 8.059608371e-22)
(1.033295046 0.003820943995 8.803203119e-23)
(1.0419936 -0.008545917028 -1.666300255e-22)
(1.079508991 -0.01247841226 -8.472570117e-22)
(1.080353872 -0.007101521274 -1.07945131e-22)
(1.080225438 -0.005675710503 7.59960158e-22)
(1.080871815 0.0008185474857 -6.861958688e-22)
(1.077322059 0.0007191661327 0)
(1.078997808 0.006173013097 2.41725809e-22)
(1.072138229 0.005487505418 1.298335129e-21)
(1.076366274 0.006536653007 1.155357541e-21)
(1.070333716 0.0103879331 -1.095524237e-21)
(1.075619872 0.008625468214 -7.218694959e-22)
(1.072412179 0.02841163326 -1.233522242e-24)
(1.053993493 0.02430848648 -4.073034526e-23)
(1.050471331 0.04007746952 -5.051571526e-22)
(1.004886095 0.03105056875 -6.252955357e-22)
(1.00888989 -0.03020278205 1.254158993e-21)
(1.058167956 -0.01872341966 -1.162536706e-21)
(1.051340772 0.009167827737 6.977037375e-23)
(1.036456158 0.0003097855283 -1.324608309e-22)
(1.045386798 -0.005788296199 -3.110047295e-22)
(1.063768013 -0.007902189995 -1.9279649e-22)
(1.064849526 -0.005264487055 -4.228780525e-22)
(1.065722443 -0.004141872018 -1.034876771e-22)
(1.066570254 -0.0009299629916 -1.768685464e-22)
(1.065496824 -0.0001677323465 7.230510742e-22)
(1.066685228 0.002827763292 4.090990661e-22)
(1.063324025 0.003604237636 -3.346004253e-21)
(1.065325763 0.005057850524 -3.243170939e-22)
(1.060735903 0.007872681693 9.587439339e-22)
(1.061715402 0.007641228527 0)
(1.057576639 0.01641911847 7.070304623e-22)
(1.046491369 0.01464259559 1.113391447e-22)
(1.043708221 0.01913317651 -6.373983367e-22)
(1.017195079 0.01431916248 -4.940353051e-22)
(1.019321647 -0.01136106422 -5.477272837e-22)
(1.042977492 -0.00780020185 -3.821129097e-22)
(1.039611125 0.002629859749 -8.741169375e-23)
(1.032915694 -0.001333358444 -3.565726015e-23)
(1.040564824 -0.003337396678 -1.173249308e-23)
(1.050892337 -0.002072186454 -7.945799255e-22)
(1.051773251 -0.001485682104 -8.185252507e-23)
(1.052558847 -0.001143012654 2.27600954e-22)
(1.053163082 -0.0003802889069 -6.688350179e-23)
(1.052987859 -8.600325652e-05 -3.994799302e-22)
(1.053370125 0.0007149017837 3.846880934e-22)
(1.051747097 0.001002121125 7.567073058e-22)
(1.051822867 0.001608991812 5.445291354e-22)
(1.048770811 0.002238346544 1.265839509e-22)
(1.047245462 0.002443267425 -5.943929132e-22)
(1.04326881 0.004102394408 0)
(1.035622827 0.003572923402 1.18541892e-23)
(1.031502439 0.004717714372 0)
(1.017526571 0.003462469271 0)
(1.017805969 -0.001527127594 -6.242796801e-23)
(1.027072799 -0.0006326846982 -3.685244366e-23)
(1.025689862 0.001020697362 2.548198635e-22)
(1.023323622 -5.722951571e-05 1.300764902e-22)
(1.028942407 -0.0004007008286 -1.970182972e-23)
(1.229506545 -0.1489878687 9.118615129e-22)
(1.23847663 -0.1350243399 4.890468872e-20)
(1.2579431 -0.1247108515 -7.079962617e-21)
(1.270498943 -0.09591807854 -2.525219313e-20)
(1.296746483 -0.08157248113 3.795743161e-22)
(1.335544423 -0.03325076456 2.551678371e-20)
(1.201170133 -0.1254314515 -2.065428104e-20)
(1.211001413 -0.1146735649 1.259149503e-20)
(1.220621212 -0.1059006582 4.613785058e-20)
(1.241897264 -0.08442904818 2.292416607e-21)
(1.246019445 -0.06669306634 -3.303828638e-20)
(1.30033556 -0.03015602739 -2.332784051e-20)
(1.171731875 -0.1023868877 0)
(1.181576583 -0.09472656741 -2.578920984e-21)
(1.185023463 -0.0876087295 1.931034684e-20)
(1.208219172 -0.07203681367 1.665940577e-20)
(1.203176845 -0.05810390831 -4.82889967e-21)
(1.25276213 -0.02629438255 3.619902479e-21)
(1.144253484 -0.08198370011 1.467198475e-20)
(1.152026202 -0.07664120106 0)
(1.153763658 -0.0713655525 -9.071641523e-21)
(1.172290885 -0.06024212852 9.326924909e-22)
(1.16835717 -0.05118954718 5.017580888e-21)
(1.205297583 -0.02702505425 5.90684386e-21)
(1.120086379 -0.06346639471 -2.148974874e-20)
(1.125406578 -0.05988052015 0)
(1.127166841 -0.05619641545 6.069796469e-21)
(1.139560639 -0.04861131848 -4.607250295e-21)
(1.138482673 -0.04289749393 -1.640826119e-20)
(1.162843838 -0.02615050606 1.907047416e-21)
(1.099189087 -0.04791763991 -9.768089938e-22)
(1.10254453 -0.04565311639 9.325100767e-21)
(1.104388355 -0.04299831461 -1.631458411e-20)
(1.111877805 -0.03833594478 -4.729646118e-22)
(1.112787237 -0.03422187425 1.544670983e-20)
(1.127661469 -0.02398754799 -1.282684491e-20)
(1.080882189 -0.03471518844 9.572597694e-21)
(1.082967056 -0.033340522 -1.306488788e-20)
(1.084705914 -0.03157873752 -1.06025308e-20)
(1.08902943 -0.02886325698 -1.553749968e-22)
(1.090988807 -0.02611393227 2.271109006e-21)
(1.099437749 -0.0202694838 1.580918518e-21)
(1.065501518 -0.02310262357 -1.931017611e-20)
(1.066837628 -0.02232673218 -5.785967122e-21)
(1.068238401 -0.02123926474 1.11121122e-20)
(1.070815727 -0.0197909029 -2.01941844e-21)
(1.072744082 -0.01802433671 -1.566505983e-21)
(1.077604925 -0.01500067462 -1.439757527e-22)
(1.053477093 -0.01356879403 -3.511916775e-20)
(1.054404289 -0.01316029435 -2.248146247e-21)
(1.055533879 -0.01256554223 -4.682486905e-21)
(1.05717771 -0.01183439069 2.305199719e-21)
(1.05893377 -0.01081952766 1.040302154e-20)
(1.061820825 -0.009368627675 -5.397069644e-21)
(1.044146623 -0.003235691892 6.713285852e-21)
(1.044773256 -0.003156843521 9.356170754e-21)
(1.045592385 -0.003021523652 -6.609358643e-21)
(1.04661002 -0.002901350365 -1.664420316e-22)
(1.047915566 -0.002654109465 -3.71764592e-24)
(1.049478117 -0.002436970725 9.697591526e-23)
(1.193024763 -0.1789444143 -1.603127095e-20)
(1.206254478 -0.1692844468 3.63996226e-20)
(1.217019263 -0.1578776326 -4.103154955e-20)
(1.174121106 -0.1482884769 -8.29669774e-22)
(1.18368612 -0.1410024843 2.506120907e-20)
(1.192905581 -0.1321808685 5.28219961e-21)
(1.151601221 -0.1192096118 -5.728433638e-20)
(1.158506581 -0.113892275 0)
(1.166517218 -0.1075281153 1.146769517e-21)
(1.129916291 -0.09439951552 1.638899684e-21)
(1.134722311 -0.09041790519 -3.042758503e-20)
(1.140760534 -0.0858542703 2.016799862e-21)
(1.1097781 -0.07229016112 1.422421979e-20)
(1.113240736 -0.06939770494 3.34829514e-20)
(1.117468871 -0.06623861332 -5.160795618e-21)
(1.091889211 -0.05396323527 1.872755065e-20)
(1.094373924 -0.05195087139 -1.564962749e-20)
(1.097196639 -0.04985716288 -2.497361084e-20)
(1.075690472 -0.0386301172 1.419054559e-20)
(1.077480594 -0.03731275638 1.632767838e-20)
(1.079370986 -0.03598200584 1.378353207e-20)
(1.061835254 -0.0254490242 -3.842656022e-20)
(1.063109043 -0.02465485087 2.01065517e-21)
(1.0643937 -0.02386606926 3.369447667e-20)
(1.050682461 -0.01484804229 6.645620687e-21)
(1.051662479 -0.0144124737 1.717991716e-21)
(1.052619196 -0.01398204726 -7.254477999e-21)
(1.042075852 -0.003509208043 -7.097230095e-21)
(1.042831405 -0.003410845343 -8.325245187e-21)
(1.043489938 -0.003321396964 2.366011037e-21)
(1.014984725 -0.233886752 1.718068474e-20)
(1.07119913 -0.2298377667 1.281542998e-20)
(1.114532315 -0.2198286789 -6.558114193e-20)
(1.14528017 -0.2084518754 5.073029554e-20)
(1.165927438 -0.197484454 2.549501598e-20)
(1.180843169 -0.1883618114 -4.279664737e-20)
(1.042563727 -0.1998805712 -4.849828353e-20)
(1.084862812 -0.19328678 -3.224157703e-20)
(1.116750431 -0.1827587718 8.020711168e-20)
(1.138816062 -0.1723495163 5.661856598e-20)
(1.153920727 -0.1629987122 -2.166101282e-20)
(1.164715742 -0.1556972844 -5.105362803e-20)
(1.058068228 -0.1620724142 -6.608130302e-21)
(1.086545105 -0.1537631213 5.474407994e-21)
(1.108676074 -0.1446294602 -3.882455152e-20)
(1.124418999 -0.1365606747 2.163247899e-20)
(1.135921459 -0.1297410413 9.413718206e-20)
(1.144006279 -0.1244883944 -1.071666311e-20)
(1.064559498 -0.1272232399 -2.011680683e-21)
(1.083520285 -0.1198537831 -2.801603295e-20)
(1.098852924 -0.1128908918 -6.422140268e-23)
(1.110083123 -0.1069676702 -6.776842015e-21)
(1.118538397 -0.1020527327 8.086682603e-21)
(1.12436068 -0.09820853199 3.093307481e-20)
(1.065445389 -0.09678625027 -1.168593697e-20)
(1.077907656 -0.09087203403 8.430363005e-21)
(1.088174583 -0.08571208371 1.384813922e-20)
(1.095889069 -0.08135477767 -5.523962514e-21)
(1.10176361 -0.07780322001 -1.784099604e-20)
(1.105866161 -0.07499618684 -9.409739425e-21)
(1.062423402 -0.07137763685 8.441599364e-21)
(1.070451681 -0.06693982836 -2.48721497e-20)
(1.077161926 -0.06323936682 -2.362454019e-20)
(1.082354464 -0.06016942782 3.359261724e-20)
(1.08635285 -0.05772531734 2.396560457e-20)
(1.089211877 -0.0557896187 1.694267704e-20)
(1.056184948 -0.0502893718 -5.357672534e-21)
(1.061407511 -0.04718500156 1.376842159e-20)
(1.065775817 -0.04468459482 -2.162715591e-21)
(1.069229259 -0.04265340156 -1.746717742e-20)
(1.07190618 -0.04106308844 -2.380060871e-20)
(1.073869494 -0.03980557652 -1.5280915e-20)
(1.048218786 -0.03254438236 0)
(1.051858922 -0.03060650954 0)
(1.05489637 -0.02907374437 1.674639238e-20)
(1.057319557 -0.02784536185 -2.343876748e-20)
(1.059188586 -0.02689557627 -8.220803635e-21)
(1.060572854 -0.02614528107 2.068836297e-20)
(1.040702781 -0.01865777856 -3.125356573e-23)
(1.043439049 -0.01763021254 7.180570966e-21)
(1.045650519 -0.01680975474 -3.942159388e-21)
(1.04740063 -0.01614941402 1.379039003e-20)
(1.048741411 -0.01563496686 -1.225900701e-20)
(1.049752048 -0.01522873948 1.462979589e-20)
(1.034506686 -0.004479656261 -9.437417924e-22)
(1.036726194 -0.004190544366 -3.687915174e-21)
(1.038380948 -0.003976064089 -4.608977721e-21)
(1.039709528 -0.003813735691 -1.416126852e-20)
(1.040653022 -0.003692241904 1.358555919e-20)
(1.041432107 -0.00359864217 2.431050551e-20)
(0.9957859207 -0.01773400126 1.642130849e-21)
(0.9910242049 -0.004156211996 3.157779982e-22)
(0.9757232141 -0.05467349386 2.636360473e-22)
(0.9708067015 -0.05012286054 -6.03639105e-21)
(0.9566667222 -0.1242986312 0)
(0.9700797705 -0.1392991596 1.611983859e-20)
(0.9677813014 -0.2197825617 2.784019211e-20)
(0.9827855948 -0.01921336912 -1.054381572e-21)
(1.009981721 -0.004803123946 -2.957622907e-21)
(0.9702391158 -0.05842336045 1.24871245e-20)
(0.9968397731 -0.05408463036 -1.687973516e-20)
(0.9694356479 -0.1228577941 9.889160207e-22)
(1.004566408 -0.131403316 1.363649095e-20)
(1.000345124 -0.1965064674 1.97007223e-21)
(0.9783556654 -0.02048014021 -2.541584828e-21)
(1.015205456 -0.004623660868 -3.247648405e-21)
(0.9773538443 -0.0623494003 -3.421957045e-22)
(1.006431609 -0.0536318739 -3.860972272e-21)
(0.9916529317 -0.1172943474 3.98126843e-21)
(1.022677702 -0.1164890153 1.876999012e-21)
(1.028052424 -0.1663414066 -1.562917767e-20)
(0.985459082 -0.02192700696 -2.371827991e-21)
(1.010229858 -0.004763743654 2.111216413e-21)
(0.9906750553 -0.0628008376 -1.514523681e-22)
(1.010645222 -0.05223108004 4.435269011e-21)
(1.010589772 -0.1041924275 1.133977671e-21)
(1.033090029 -0.100157781 3.297537113e-21)
(1.044459557 -0.1335778704 9.558809674e-21)
(0.9939896969 -0.02207516332 5.03720926e-21)
(1.006923623 -0.006651796724 -1.75024397e-21)
(1.002066412 -0.05734495763 -6.85221726e-22)
(1.01578127 -0.04983602051 6.452821335e-22)
(1.024081595 -0.08586309262 3.81815437e-21)
(1.039903406 -0.08272392037 -5.673802258e-21)
(1.05222054 -0.1027308283 7.041416647e-21)
(0.998730328 -0.0196050893 -6.596082437e-22)
(1.006651196 -0.009756303985 2.127946342e-21)
(1.010173218 -0.0471431137 1.432059516e-22)
(1.020784479 -0.04535414336 2.348839791e-21)
(1.032158797 -0.0673058864 1.021278965e-21)
(1.043235465 -0.065195854 -3.792086777e-22)
(1.053947585 -0.07613494195 5.27890358e-22)
(1.000193541 -0.01597188235 1.808217387e-21)
(1.007036472 -0.01156052911 2.410560342e-21)
(1.015121941 -0.03609966179 -9.256944348e-22)
(1.023685201 -0.03740431709 9.232335474e-23)
(1.034438282 -0.04978490412 8.428383602e-22)
(1.042217728 -0.04817786816 4.889397742e-21)
(1.05068918 -0.05373453407 -1.523581649e-21)
(0.9999516641 -0.01141172203 0)
(1.007305002 -0.01116005743 -1.785535918e-21)
(1.01678986 -0.02518152969 -2.489305995e-22)
(1.023962655 -0.02670762729 4.245634944e-21)
(1.032610755 -0.03310146113 -9.147835662e-22)
(1.038268806 -0.03209755114 -4.425475782e-21)
(1.044420596 -0.0346689112 2.179871672e-24)
(0.9993835279 -0.006860153773 -1.285470584e-22)
(1.006584524 -0.008683233265 1.000722287e-21)
(1.015614202 -0.01539030546 1.614184515e-21)
(1.022269615 -0.01630661612 -1.736039355e-21)
(1.028965661 -0.01920489769 -2.021739576e-21)
(1.033466837 -0.01870375967 -1.394388654e-23)
(1.037773125 -0.01975083842 0)
(0.9991569311 -0.001757376412 1.063320904e-22)
(1.005949703 -0.002286093125 -7.951712728e-23)
(1.013779917 -0.003956451012 -5.130792586e-22)
(1.019916204 -0.003997979354 -4.080742871e-23)
(1.025260188 -0.004726032618 -2.309519595e-21)
(1.028974506 -0.004517277076 1.257097567e-21)
(1.032097445 -0.00481567745 6.176344696e-21)
(1.001856343 -0.003886037405 2.353798687e-22)
(0.9807239217 -0.003409338607 -2.740519208e-21)
(0.9693922109 -0.009060639318 5.647924411e-22)
(0.9415179307 -0.008815327988 5.304210452e-21)
(0.9092518209 -0.0185650507 8.742625885e-22)
(0.8655769743 -0.02402469125 2.059529782e-21)
(0.8190858258 -0.04134137148 9.35442822e-21)
(1.005066354 -0.007612528806 -3.453250594e-22)
(0.9774473957 -0.003361559451 5.860755279e-21)
(0.9724511079 -0.02066177673 -3.598559348e-21)
(0.9407366284 -0.02040048792 -1.981586205e-21)
(0.9166476455 -0.04702964813 5.033203978e-21)
(0.8743782034 -0.06260910416 1.437450382e-21)
(0.8412110436 -0.1089088657 1.327109729e-20)
(1.007954957 -0.01157850275 -3.80300864e-21)
(0.974104433 -0.003199549678 2.514806718e-21)
(0.976864079 -0.03246600421 1.139386107e-21)
(0.9414010357 -0.03153797546 -1.737975372e-21)
(0.9294963909 -0.07260663815 -5.854543065e-21)
(0.892934486 -0.09427216575 -1.456478302e-21)
(0.8821691381 -0.1598605708 -1.881388369e-20)
(1.005985114 -0.01452978597 1.654376191e-21)
(0.9754186925 -0.00491786077 -6.463432394e-21)
(0.9809032184 -0.04399120518 -9.032530769e-21)
(0.9411204679 -0.04700980424 3.58407627e-21)
(0.945433049 -0.1048560327 7.494686678e-21)
(0.90414777 -0.1390365802 7.695760867e-21)
(0.9365768921 -0.2128598748 2.057331709e-20)
)
;

boundaryField
{
    cylinder
    {
        type            fixedValue;
        value           uniform (0 0 0);
    }
    jet
    {
        type            uqtopusBoundaryCondition;
        direction       (0 1 0);
        value           uniform (0 0 0);
    }
    inlet
    {
        type            fixedValue;
        value           uniform (1 0 0);
    }
    outlet
    {
        type            inletOutlet;
        inletValue      uniform (0 0 0);
        value           nonuniform List<vector> 
28
(
(0.9276331093 0.03104727268 1.280495295e-21)
(0.9231963383 0.03188545813 1.402638086e-22)
(0.9178313717 0.03193256134 -1.49980805e-22)
(0.912656779 0.03146459119 0)
(0.9131446253 0.02900559026 -1.229099339e-21)
(0.9185659428 0.02557891268 -4.204050815e-22)
(0.9355328352 0.01943333649 1.085210977e-21)
(0.9708905261 0.0109429658 2.568333733e-23)
(1.018706353 0.002909775057 -3.461403667e-23)
(1.049122844 0.0002761041647 -5.822407203e-24)
(1.055783719 0.0006494142059 -4.375543908e-22)
(1.050266529 0.0009708842176 4.084983029e-23)
(1.042716522 0.0009299844376 2.062447134e-22)
(1.029677362 -0.000109893327 2.357045814e-23)
(0.9283489728 0.02957725927 1.016885232e-21)
(0.9253820754 0.0278818831 -1.985716253e-22)
(0.9195710335 0.025860046 5.395415003e-22)
(0.9131912133 0.02316004583 0)
(0.9097245078 0.02040902096 -1.989710065e-21)
(0.90757453 0.01564224327 -7.838878873e-22)
(0.9113727528 0.009748085988 1.785315134e-21)
(0.9302563226 0.001223504325 1.328624625e-23)
(0.9737366114 -0.006212869848 -5.031622669e-23)
(1.018528364 -0.010497862 -2.543756226e-23)
(1.0419936 -0.008545917028 -1.666300255e-22)
(1.045386798 -0.005788296199 -3.110047295e-22)
(1.040564824 -0.003337396678 -1.173249308e-23)
(1.028942407 -0.0004007008286 -1.970182972e-23)
)
;
    }
    topAndBottom
    {
        type            fixedValue;
        value           uniform (1 0 0);
    }
    frontAndBack
    {
        type            empty;
    }
}


// ************************************************************************* //
