/*--------------------------------*- C++ -*----------------------------------*\
  =========                 |
  \\      /  F ield         | OpenFOAM: The Open Source CFD Toolbox
   \\    /   O peration     | Website:  https://openfoam.org
    \\  /    A nd           | Version:  9
     \\/     M anipulation  |
\*---------------------------------------------------------------------------*/
FoamFile
{
    format      ascii;
    class       volVectorField;
    location    "0";
    object      U_0;
}
// * * * * * * * * * * * * * * * * * * * * * * * * * * * * * * * * * * * * * //

dimensions      [0 1 -1 0 0 0 0];

internalField   nonuniform List<vector> 
1580
(
(0.0005012330544 -0.007343807776 1.18247382e-20)
(0.000296491735 -0.02221465637 9.215811649e-20)
(-0.002396185436 -0.03871184224 -1.980881028e-20)
(-0.00927801279 -0.05582879455 -2.084231648e-20)
(-0.02204363682 -0.07183863708 1.018646469e-20)
(-0.04231495256 -0.0845878982 2.109691999e-21)
(-0.07099467071 -0.09239043064 6.233894324e-21)
(-0.1073107509 -0.09512130323 -6.990614234e-21)
(-0.1481404967 -0.0937466214 3.850036484e-21)
(-0.1891774752 -0.08672039207 8.296864989e-22)
(-0.2296455604 -0.06612725467 -9.862784387e-21)
(-0.2148493862 -0.03776664295 2.414518824e-20)
(-0.0002895341782 0.0003532070876 2.433959331e-22)
(-0.001772511624 0.0005364129397 2.346802664e-20)
(-0.005246894996 -8.354903046e-05 -1.579380275e-20)
(-0.01192640723 -0.001739033355 -3.412257536e-20)
(-0.02286312476 -0.004367474466 1.823261523e-20)
(-0.03877865068 -0.007616409177 7.079721022e-23)
(-0.05943174997 -0.01103049505 -2.161624243e-23)
(-0.0827873492 -0.01446530008 0)
(-0.1037839198 -0.01811003306 -1.221524222e-21)
(-0.1112005429 -0.02286291629 -4.557418218e-21)
(-0.1333677328 -0.01834906829 -8.805335325e-21)
(-0.02564355785 -0.06438174113 4.38796652e-20)
(-0.002561979618 0.004589821517 1.674622695e-21)
(-0.008010244058 0.01318581366 -6.893138348e-21)
(-0.01466426802 0.02163271583 -3.705628284e-20)
(-0.02263345112 0.0289541312 -2.09967036e-21)
(-0.03155591255 0.03404451175 3.552638929e-21)
(-0.04025545539 0.0358289828 2.618543813e-21)
(-0.04589931141 0.03353194292 -5.431276558e-21)
(-0.04285083898 0.02672604967 5.133382984e-21)
(-0.02463387409 0.01371503391 0)
(0.04351739939 0.007967422206 0)
(0.08772039243 -0.005004302998 -9.981804541e-21)
(0.4012718009 -0.0374611065 -2.998570012e-20)
(-0.004734632149 0.005738514789 -3.490372915e-22)
(-0.01379359294 0.01657398645 6.824343103e-22)
(-0.02286335458 0.02741686444 -1.010052298e-20)
(-0.03047806607 0.03701264983 -5.968972981e-21)
(-0.03394715882 0.04369491129 3.240029799e-21)
(-0.02864000942 0.04556764503 5.040071772e-21)
(-0.006790353516 0.04086491837 1.15330732e-20)
(0.04425342816 0.02840377485 -2.153602821e-20)
(0.1419955087 0.007660403594 3.222230344e-20)
(0.3131134514 0.000772808399 2.414972135e-20)
(0.4810037464 -0.02338176223 1.906524659e-20)
(0.8876292413 0.01030432236 -3.422693339e-20)
(-0.005026400685 0.004173911425 -2.531300927e-21)
(-0.01317796282 0.01164728029 1.208764689e-20)
(-0.01831963531 0.01868356836 3.366150937e-20)
(-0.01649714828 0.02425614263 3.057282807e-21)
(-0.001256958822 0.02698881956 1.636061753e-21)
(0.03757424475 0.02554186332 -5.21057991e-20)
(0.115140592 0.01937479749 6.562131564e-21)
(0.2514513941 0.01036857874 -2.338635428e-20)
(0.4641789627 0.006443909856 5.136210033e-20)
(0.7286119955 0.01524834567 1.925861183e-21)
(1.011888212 0.04512479848 3.26076049e-21)
(1.193104471 0.05678614632 3.117764946e-21)
(-0.001472123116 0.001023101151 3.782853408e-21)
(0.000235425522 0.002008587573 3.229801126e-21)
(0.01078051459 0.002147507361 -8.469068895e-20)
(0.03723560122 0.001345737835 -3.131444229e-20)
(0.09027297123 -0.0003098301291 2.84806324e-20)
(0.1851795888 -0.00167893455 6.635673088e-21)
(0.3410439046 0.0006819943836 -3.802145235e-20)
(0.5727384721 0.01452097145 1.537355817e-20)
(0.8592112793 0.04790006178 -7.597608222e-20)
(1.120787761 0.09231008151 1.287920876e-20)
(1.25924629 0.1235848528 7.281326458e-20)
(1.29312884 0.1243241411 -2.031945335e-20)
(0.005127170681 -0.001576554958 -1.276853606e-20)
(0.02295524228 -0.00531238564 -6.358741346e-20)
(0.05610969017 -0.009069079622 6.600557522e-20)
(0.1140903723 -0.01144252715 1.645803993e-20)
(0.2101363771 -0.01026871155 2.921113292e-20)
(0.3606593298 -0.001425179057 -1.283754463e-19)
(0.5791278914 0.02200020306 -9.184035194e-20)
(0.8532914989 0.06737436296 1.212935647e-19)
(1.105969427 0.1234290508 -8.040975408e-21)
(1.241459626 0.1580174914 -9.583302317e-21)
(1.266100884 0.1581642432 -2.362657361e-21)
(1.253238088 0.1407128043 3.866888959e-20)
(0.01302859461 -0.002920378095 -4.012493267e-21)
(0.04901314172 -0.008403701805 -2.691792526e-20)
(0.1058919155 -0.01216816523 1.256656183e-19)
(0.1943396865 -0.01126351168 7.299959363e-20)
(0.3277805723 -0.001729046687 -1.123243632e-19)
(0.5190094152 0.02231445603 4.491287733e-20)
(0.7670314475 0.06734303541 -5.780801666e-20)
(1.025063393 0.1291123395 -8.506788231e-20)
(1.202203607 0.1766307226 5.090064961e-20)
(1.269539848 0.1903881099 -3.682540875e-21)
(1.273411388 0.1823838386 2.838132568e-20)
(1.258010635 0.1653926064 8.783490163e-22)
(0.02071358221 -0.003104341894 3.06600029e-21)
(0.07371404375 -0.007859698966 1.973422623e-20)
(0.1517217194 -0.008891397019 -3.105903679e-20)
(0.2654447788 -0.002050995176 2.995338944e-20)
(0.4266350343 0.01761033626 2.779281648e-20)
(0.6417305054 0.05593259755 4.187866383e-21)
(0.8937621588 0.1150406318 3.037301071e-20)
(1.118365292 0.1780585204 -8.798642082e-20)
(1.247023653 0.2144837107 -6.617357142e-22)
(1.280564283 0.2193154261 1.868007484e-20)
(1.264535419 0.2037948392 0)
(1.238448287 0.1800193539 1.249236365e-20)
(0.02771322862 -0.002549891378 -7.252255063e-21)
(0.09545968095 -0.005209703445 -3.131588611e-20)
(0.1907741958 -0.002264095346 3.235909051e-20)
(0.3237551771 0.01116085387 2.027125751e-20)
(0.5037254101 0.04026102934 -4.708322922e-20)
(0.7305985556 0.08962483429 -2.128073753e-20)
(0.9756340691 0.1560714173 1.258961552e-20)
(1.171045893 0.2161260377 -5.00302467e-20)
(1.266293692 0.2434389257 1.585939249e-20)
(1.278492851 0.2391020838 -3.43020387e-20)
(1.256637806 0.2181192882 8.30611182e-20)
(1.231215588 0.1921015136 -6.933855956e-20)
(0.03437853787 -0.001369695543 0)
(0.1160421702 -0.0007747061748 7.426028142e-21)
(0.2272942412 0.007165712249 -6.854535957e-21)
(0.3771560301 0.02784606286 1.205380948e-20)
(0.5719541398 0.06630290754 8.195239305e-20)
(0.8050182703 0.1251442554 -4.88155687e-20)
(1.038749357 0.1958775447 -1.159086876e-20)
(1.207071862 0.2510598193 -7.534164037e-20)
(1.276300326 0.2691315105 -5.026813623e-20)
(1.274446772 0.2577384661 6.561724962e-20)
(1.24730014 0.2323639577 -2.501972106e-20)
(1.219345428 0.2028228423 -2.681610355e-20)
(0.04204090326 0.0006702673831 7.747929203e-21)
(0.1391454614 0.006301482792 3.34236181e-20)
(0.2673017222 0.02121417238 -5.74704202e-20)
(0.4338571442 0.05102893259 2.41740477e-20)
(0.6412807733 0.1000087825 6.081800169e-20)
(0.8758003832 0.1677836201 -1.418455095e-19)
(1.093085533 0.2402455958 -2.308939998e-20)
(1.233195448 0.2880112673 1.433672598e-19)
(1.27891835 0.2959326615 -2.535976125e-20)
(1.265427389 0.2768781495 -2.763338127e-20)
(1.235655071 0.2465870852 -1.078035106e-19)
(1.208347175 0.2138005444 9.861079505e-20)
(0.0496551134 0.003573892113 -1.513012413e-20)
(0.161924214 0.01592666827 -1.666944671e-20)
(0.3061442872 0.0394103669 1.7345084e-19)
(0.4874318195 0.0794780312 -5.291095817e-20)
(0.7038977044 0.1389853083 -1.217450455e-19)
(0.9351735496 0.2139560202 4.550703176e-20)
(1.133336949 0.2853718041 8.979386601e-20)
(1.247404925 0.3241321207 -4.591570936e-20)
(1.274302244 0.3218475976 -5.754301517e-20)
(1.253070713 0.2957851282 2.950609417e-20)
(1.22180933 0.2610076817 9.571860304e-20)
(1.194555208 0.2245805452 0)
(0.05721465504 0.007223042264 4.280154606e-23)
(0.1837165335 0.02749585464 -1.25949701e-20)
(0.3420136652 0.06045950584 -6.014609313e-20)
(0.5348482584 0.1109697745 -3.014749581e-20)
(0.7561700262 0.1800460709 6.666773058e-20)
(0.9804478007 0.2600584838 1.415911656e-20)
(1.159201498 0.3283306218 4.320326697e-20)
(1.251136361 0.35754482 -8.921603678e-20)
(1.263847713 0.3456980546 5.916319031e-20)
(1.237504568 0.3131826987 7.069812054e-20)
(1.206148793 0.2739881502 -5.939004291e-20)
(1.180706896 0.234056338 3.330704422e-21)
(0.06461790514 0.01203846142 -1.877003404e-22)
(0.2050448883 0.04236134387 2.337266589e-20)
(0.376696339 0.08671846127 5.400585862e-20)
(0.5794329624 0.1489654364 8.048502703e-20)
(0.8027991197 0.2277945965 -4.803938463e-20)
(1.016985248 0.3115939263 -1.193663662e-20)
(1.175152424 0.3747163451 1.012160077e-19)
(1.246430016 0.3929344944 -1.485675088e-19)
(1.247158918 0.3709223555 4.928264099e-20)
(1.217367261 0.3316388491 1.984765633e-20)
(1.186808977 0.2876382077 2.368590166e-20)
(1.16372727 0.2437268304 2.18139424e-20)
(0.07366222203 0.01973608493 6.196224977e-21)
(0.2302514209 0.06557496562 -2.896708013e-20)
(0.4161436405 0.126600266 2.151779161e-20)
(0.627358859 0.2046937532 1.368069449e-19)
(0.8483741097 0.2949049242 -4.915428713e-19)
(1.046060313 0.3806199575 2.510473958e-19)
(1.178420856 0.4341622476 8.654468729e-20)
(1.227348341 0.4371796205 -1.738462627e-19)
(1.217015621 0.4023655363 1.342561178e-19)
(1.185782268 0.3544273038 1.012545604e-19)
(1.158068607 0.3038249845 1.802246905e-19)
(1.139775469 0.2546277754 -4.043510131e-21)
(0.08242608878 0.03145205353 1.325005339e-20)
(0.2536839903 0.0999752483 4.724917421e-20)
(0.4505643002 0.1840233634 -1.08826915e-19)
(0.6645672821 0.2819832374 -4.297765821e-20)
(0.8753844036 0.3836773875 7.881060669e-20)
(1.049155699 0.4671037697 4.086245539e-20)
(1.152612661 0.5051681225 -7.128823709e-20)
(1.181269602 0.4888640803 -2.909681719e-20)
(1.164720117 0.4389567295 2.329494566e-20)
(1.137223702 0.3804879352 5.106036082e-20)
(1.115727631 0.3215392507 -3.602653816e-20)
(1.1044035 0.2657936293 4.233913282e-20)
(0.08746480413 0.04784289717 6.519685326e-21)
(0.2651462522 0.1469243274 9.226945018e-20)
(0.4628245396 0.2600927066 4.627498686e-20)
(0.6679609477 0.3803308463 -1.377183708e-19)
(0.8575276299 0.4908702414 5.63164163e-20)
(1.000957957 0.5652976231 -1.793500974e-19)
(1.076734538 0.5811642973 4.053267962e-19)
(1.093000302 0.54203895 -4.168079428e-19)
(1.080080149 0.4751918038 2.732353468e-19)
(1.063566998 0.4045866528 1.096198773e-19)
(1.05303546 0.3368026593 -9.229229567e-20)
(1.052510136 0.2742361777 -1.569741242e-20)
(0.08181663096 0.06628520281 4.572582102e-21)
(0.2451540039 0.1986082891 -5.794843497e-20)
(0.4222549774 0.3411096877 1.484450385e-19)
(0.5992359003 0.4799022242 1.87308366e-20)
(0.7545131659 0.5917095958 -3.034925183e-19)
(0.8653617229 0.6491236454 -2.891645364e-19)
(0.9238207288 0.6378652005 4.261492571e-19)
(0.9449091539 0.5748396481 1.645064736e-19)
(0.9502882611 0.4941581174 1.205438402e-20)
(0.9545194924 0.4142482316 -6.126047125e-20)
(0.9620493848 0.3399937026 -8.251381722e-20)
(0.9760203969 0.274260458 -4.558646028e-20)
(0.06385209438 0.07719890186 1.273361227e-20)
(0.1897854221 0.2263173536 5.811373222e-20)
(0.3244310666 0.3787516251 1.871932937e-21)
(0.4570070396 0.5155948541 4.012066796e-19)
(0.5727643938 0.6115047031 -4.652289295e-19)
(0.6600890134 0.6443882012 1.593483504e-19)
(0.7192779203 0.6129170939 -8.295665791e-20)
(0.7608704071 0.5420431148 -7.078178639e-20)
(0.7958900517 0.4610581035 4.631615505e-20)
(0.8290746544 0.3829181022 -7.331874038e-20)
(0.8581682965 0.311866642 -3.065362524e-20)
(0.8846666043 0.2511813023 -9.004031513e-21)
(0.03870736116 0.07090331792 5.000735838e-20)
(0.1164406339 0.2051115681 2.460551128e-19)
(0.2025336147 0.337814411 -1.499543559e-20)
(0.2925558486 0.4506206283 -1.007356624e-20)
(0.3797279226 0.5222437087 -4.249990198e-20)
(0.4591131122 0.5382593878 1.593198927e-20)
(0.5304521991 0.5033724924 2.810892071e-20)
(0.5966117993 0.4402935691 7.048256063e-20)
(0.6607035804 0.3712945661 -8.245244429e-20)
(0.7225874754 0.3055110577 5.009026835e-20)
(0.7783378267 0.2452244 2.619094508e-20)
(0.8275681408 0.1924212882 -3.518741399e-20)
(0.01598705482 0.04956090772 -2.669478469e-20)
(0.05135452571 0.1422319918 -4.057643115e-20)
(0.09664188635 0.2320196355 -1.143055371e-21)
(0.1534651625 0.3057741434 -1.244715242e-20)
(0.221121115 0.3495387623 7.586424079e-20)
(0.2977901904 0.355513652 2.259561889e-20)
(0.3806028975 0.3291144536 -1.119167844e-19)
(0.4660831411 0.2862985403 5.647874012e-20)
(0.5515769054 0.2410200849 -7.778985669e-21)
(0.6341961706 0.1985565809 6.229804993e-22)
(0.7102652323 0.1601897844 5.181020011e-20)
(0.778906827 0.1266867997 -2.498057537e-21)
(0.00267483074 0.01648466475 -6.205168357e-21)
(0.01369029877 0.04701508943 -1.231196327e-19)
(0.03634429361 0.07610050721 -1.078541118e-19)
(0.07596153286 0.09924850115 -3.242661731e-21)
(0.1351219147 0.1119333484 -4.698510273e-20)
(0.2130222204 0.1119921833 3.674393937e-20)
(0.3044127167 0.1017773624 1.423667053e-19)
(0.4017366228 0.08685843636 -7.569281177e-20)
(0.4991489405 0.07176965637 3.145439065e-21)
(0.5924470026 0.05815071877 -4.714768349e-20)
(0.6781298339 0.04641780507 -2.064440381e-21)
(0.7552787618 0.03685268441 4.545920049e-20)
(-0.1894343202 0.04717305671 5.746401827e-20)
(-0.168369906 0.1268318063 -6.620381726e-20)
(-0.1258473386 0.2241214377 1.315877864e-20)
(-0.06565633693 0.3006468082 1.25399312e-20)
(0.02221743358 0.3501353622 3.948988306e-21)
(0.1865285243 0.2835102841 2.253064374e-20)
(0.4587892561 -0.04806074873 3.358363575e-20)
(0.6116970697 -0.2326150008 3.851534594e-20)
(0.8599419548 -0.4196842368 8.831708356e-21)
(0.6999575884 -0.5985002294 -1.952236714e-20)
(0.6571360476 -0.2990859268 8.031648888e-21)
(0.8845942578 -0.05762147303 -7.924707874e-21)
(0.9106514269 0.4554669795 2.918475807e-23)
(0.8937410265 0.6412263833 6.436260908e-22)
(1.046975605 -0.1428237246 2.188023045e-20)
(0.9617337072 -0.452267205 -5.970008951e-21)
(0.9452765052 -0.02383426877 2.245893037e-22)
(0.9356251226 0.1346282358 -6.122600545e-22)
(0.9276374073 0.03063674693 1.313577095e-21)
(-0.00247554817 -0.01002114531 -2.232597714e-20)
(0.01291994751 0.06132005901 -9.2703254e-21)
(0.05218940127 0.142365532 -9.444101907e-21)
(0.1406290355 0.2099638281 -1.603510057e-22)
(0.2499900148 0.2310780176 1.007360564e-20)
(0.4275708825 0.1458589207 1.35456543e-20)
(0.7513961148 -0.1635562197 -9.773852368e-21)
(0.7849882925 -0.3496737779 -6.458573698e-21)
(0.9644472909 -0.4363766422 2.090208642e-21)
(0.8619182204 -0.5398079536 1.064453834e-20)
(0.7243200054 -0.3219494713 -3.374829195e-21)
(0.7820020056 -0.1024591982 -3.266623734e-21)
(0.8240797922 0.4325554679 -1.924261258e-20)
(0.8877115854 0.6134652866 0)
(1.084849804 -0.1333191675 -2.872889144e-20)
(0.9862945713 -0.4407246372 1.081705479e-20)
(0.9313809738 -0.02143089499 -1.197761754e-21)
(0.9217601413 0.1350988959 1.264687244e-21)
(0.9232264126 0.03147656772 1.454495948e-22)
(0.3608079812 -0.03367267133 -1.713798075e-20)
(0.3585696937 0.01221974527 -5.373379774e-21)
(0.3766844301 0.06008894175 -2.985000961e-21)
(0.4343067178 0.1148490303 -6.698810019e-21)
(0.5620115987 0.1246954548 -5.548835451e-21)
(0.7038088917 0.04074612078 2.919829668e-20)
(1.008579984 -0.1971938193 1.757252803e-20)
(0.9903617236 -0.35992145 1.379090637e-20)
(1.001577866 -0.4321711691 -9.214016957e-21)
(0.9436339176 -0.5046399175 -6.629366772e-21)
(0.7483111362 -0.3015374051 -1.994457619e-20)
(0.6309233028 -0.12526771 -3.867058185e-20)
(0.7101792042 0.3895647557 2.101908736e-21)
(0.8500895333 0.5660463781 1.834276343e-20)
(1.108676601 -0.1212741084 1.53048338e-20)
(0.9993791806 -0.4214890894 -5.059172131e-21)
(0.9121944772 -0.0185488891 -1.827079851e-21)
(0.9064222323 0.1334500848 1.661565605e-21)
(0.9178952169 0.03152623855 -1.965244459e-22)
(0.8530334824 -0.002441997924 1.549323406e-20)
(0.800059802 0.005088082867 -2.38933825e-20)
(0.7913661845 0.01459495576 -4.333592128e-22)
(0.7825462655 0.03812410618 -4.035046357e-21)
(0.878828892 0.04383937437 -4.232577357e-21)
(0.9663845279 -0.01853398199 -8.307766137e-21)
(1.171075427 -0.2053354294 -1.175592673e-20)
(1.164922314 -0.3162833456 9.694706005e-21)
(1.0630499 -0.3697041654 -1.722460525e-20)
(1.004364799 -0.4595059285 1.250777831e-20)
(0.7863631236 -0.2617130772 2.880192099e-22)
(0.5465175529 -0.1425861132 -3.708575221e-20)
(0.5229127371 0.2991522226 -3.146658933e-20)
(0.7687609566 0.5080988579 -4.292492204e-21)
(1.134111684 -0.1024213726 -2.513482017e-20)
(1.012590773 -0.3950196449 -2.152784147e-20)
(0.8844219115 -0.01704056626 4.310320214e-21)
(0.8871342676 0.1307114259 -6.810315593e-22)
(0.9127661327 0.03106649493 0)
(1.2187703 0.05775023862 -1.220596218e-20)
(1.164040716 0.04951248325 -8.345020771e-21)
(1.162819491 0.04391600338 6.20062043e-21)
(1.121917866 0.04097234925 -7.056554673e-21)
(1.182418741 0.01159065396 1.321054824e-20)
(1.210927266 -0.02321869763 -1.861646074e-20)
(1.284119547 -0.1912345778 -3.29892328e-20)
(1.242634955 -0.2835126331 -9.093983106e-21)
(1.131529083 -0.308289421 -5.005185688e-21)
(1.031919464 -0.4156970193 -1.621065466e-20)
(0.8433601892 -0.2189795148 -5.844770617e-22)
(0.6195724747 -0.09498291607 7.010452463e-20)
(0.4541034842 0.2432973467 2.579883871e-20)
(0.7848918122 0.431870958 -4.884815011e-21)
(1.181870702 -0.1196236358 -3.011526171e-21)
(1.020793192 -0.3666323976 -2.437411719e-20)
(0.8649929116 -0.01138757897 -3.081810077e-21)
(0.8770376031 0.1247389329 0)
(0.9133008177 0.02861379035 -1.172254898e-21)
(1.247956916 0.06557494975 -2.916671583e-21)
(1.229432669 0.05141160112 7.945187471e-21)
(1.24505116 0.03907106537 3.750665967e-21)
(1.232567068 0.03201219835 -4.831667659e-21)
(1.27535148 -0.01463348646 1.461668867e-21)
(1.282315366 -0.05401745913 -1.085391651e-20)
(1.320660333 -0.1968933581 -1.205056478e-20)
(1.2100983 -0.2596078711 -4.713391027e-20)
(1.105233905 -0.274628728 1.469632315e-21)
(1.002142651 -0.3577494004 -1.157538008e-20)
(0.8017014492 -0.1379527397 5.316365883e-21)
(0.6928007853 -0.008191786282 5.948778474e-20)
(0.4931619934 0.2207834374 8.089659339e-20)
(0.8747341929 0.3188011921 5.36156477e-21)
(1.234344126 -0.1524838098 2.450472824e-20)
(1.011831499 -0.3268913144 1.918965774e-20)
(0.8314980605 0.01179786672 -9.119567266e-22)
(0.8688299866 0.1199898043 -2.48591481e-21)
(0.9187778438 0.02519266954 -3.995475417e-22)
(1.234078032 0.06315506625 3.468238451e-21)
(1.227930514 0.0485588787 3.688428037e-21)
(1.242130783 0.02966863349 -1.553357289e-21)
(1.237028912 0.0171610884 -4.365318816e-21)
(1.267618188 -0.02551158419 -6.85091214e-21)
(1.260213225 -0.05457488139 -9.654749658e-21)
(1.272201817 -0.156530709 -1.587290825e-20)
(1.180424109 -0.1918560023 -5.448840907e-23)
(1.110995507 -0.1973839975 2.115530142e-21)
(1.039183418 -0.2817059924 7.185412817e-21)
(0.8192914424 -0.0948651013 1.204589638e-21)
(0.8346473922 0.03102195941 -9.267578511e-21)
(0.7213416023 0.182044599 -3.093857167e-21)
(1.012966948 0.2079735775 -2.80275279e-21)
(1.262752481 -0.1567712684 -8.276112299e-21)
(0.9999330728 -0.2691348458 1.623005609e-20)
(0.796604021 0.03009263488 1.798532435e-21)
(0.8750027378 0.106506899 -2.276581371e-21)
(0.9357938272 0.01907365209 1.025907635e-21)
(1.205795901 0.0553830993 1.743771677e-21)
(1.205360929 0.04094566086 5.92261534e-21)
(1.215749052 0.01955406408 4.071523313e-21)
(1.214615575 0.008191468111 2.961807341e-21)
(1.227855214 -0.03268381293 -1.274381323e-21)
(1.218094476 -0.05197501822 8.942876644e-21)
(1.220564522 -0.126118968 -8.238861693e-22)
(1.145961617 -0.1531278511 9.308820119e-21)
(1.096711145 -0.173054814 -9.630881662e-21)
(1.040152932 -0.2208684643 -5.173845633e-21)
(0.8619307561 -0.0480864397 4.562235727e-21)
(0.9324959331 0.03768226092 8.925221405e-22)
(0.9297430447 0.1433852555 3.496908005e-22)
(1.10954721 0.1325247976 1.078387895e-21)
(1.248107066 -0.1519856415 -2.908209064e-21)
(0.9762495828 -0.1927033648 4.330470064e-21)
(0.7902708571 0.05167866533 -2.308036145e-21)
(0.9155033607 0.08293915305 3.577920499e-21)
(0.9711480546 0.01063998851 2.352062829e-23)
(1.173327614 0.04461645152 -3.163270291e-21)
(1.176033543 0.03354416761 -1.192395429e-21)
(1.182974933 0.01324525185 -8.19126153e-21)
(1.182485491 0.002703684054 2.601875671e-21)
(1.188274815 -0.03042743108 -5.610774801e-22)
(1.177160523 -0.04261237373 -1.49638878e-21)
(1.174512986 -0.09370015782 6.642177834e-21)
(1.124649197 -0.1097054713 3.158298559e-21)
(1.093891398 -0.1118902975 -4.495410513e-21)
(1.038436596 -0.1446581786 2.717827621e-21)
(0.9233346224 -0.02883412511 1.248048667e-21)
(0.9896795207 0.01359464243 6.577140935e-22)
(1.014381979 0.08943030198 0)
(1.124272434 0.07810235403 -3.036971037e-22)
(1.193192722 -0.1166868019 6.642599486e-21)
(0.9757899309 -0.1127600495 1.432864625e-21)
(0.864491618 0.05640104823 -2.637965996e-21)
(0.9917393558 0.05129391436 1.083118114e-21)
(1.018860821 0.002703817418 -2.934509056e-23)
(1.141637661 0.03406244292 -7.219970625e-23)
(1.145279983 0.02619071584 -4.098498034e-21)
(1.149440996 0.008933076638 3.86944364e-21)
(1.149095779 0.0009783163148 -2.120540193e-21)
(1.151706122 -0.02454621058 1.163549144e-21)
(1.139871317 -0.03283529073 -1.065594521e-21)
(1.139474461 -0.06614728127 2.342662291e-21)
(1.100064331 -0.07488254835 -2.097639477e-22)
(1.084129007 -0.08243000926 -3.319903866e-21)
(1.042304763 -0.09937352739 2.55345188e-21)
(0.9823600362 -0.01802817713 -1.763938078e-21)
(1.021123833 -0.006111668647 -6.225437445e-22)
(1.029154631 0.0565348054 -1.84052362e-21)
(1.109965724 0.04531074672 -8.250021319e-23)
(1.127382861 -0.08969422849 2.383865092e-22)
(0.9829782099 -0.05553392466 1.942899976e-22)
(0.9610673837 0.0514321545 4.985123865e-23)
(1.048153555 0.02843993276 -4.750602282e-22)
(1.049147218 0.0001626580329 -3.120999608e-24)
(1.112614388 0.02448021096 5.361461173e-21)
(1.115918558 0.01885054745 -2.892612536e-21)
(1.118672473 0.00658924609 4.349752067e-22)
(1.118399752 0.0006388290049 -4.534138692e-22)
(1.119739434 -0.01661950483 6.005187383e-22)
(1.110487888 -0.02251103013 -9.905698055e-22)
(1.109945075 -0.04183825622 -1.595958251e-21)
(1.083654418 -0.04895316183 -2.517427569e-21)
(1.077713032 -0.04931912769 1.811519652e-21)
(1.045112053 -0.05966572026 1.82340311e-21)
(1.01884 -0.01407111411 1.959608925e-21)
(1.034005655 -0.009438072442 2.866799891e-22)
(1.02940815 0.02573129827 -4.121343937e-22)
(1.091675975 0.02121295164 -6.398027386e-23)
(1.083460164 -0.05158126228 -5.280799838e-23)
(0.99623417 -0.02453712936 3.62605542e-22)
(1.014953377 0.03270352418 3.58202172e-23)
(1.061306015 0.01432717862 -1.633394233e-22)
(1.055758371 0.0005983921154 -4.320768243e-22)
(1.087687478 0.01577207339 7.595258754e-22)
(1.090159901 0.01220111409 -1.254195482e-21)
(1.092001744 0.004574230727 -7.273568905e-22)
(1.091851144 0.0005802028834 7.200655038e-22)
(1.092703238 -0.009680146461 0)
(1.08654802 -0.01376868627 -3.588175381e-22)
(1.086189868 -0.02434714712 -5.686684365e-22)
(1.070479027 -0.02859345511 -2.39867368e-22)
(1.066710876 -0.02926606808 1.277066813e-21)
(1.047254876 -0.03496615598 1.368786729e-21)
(1.033941564 -0.01144440316 3.069082211e-22)
(1.039413805 -0.01102150301 2.544511432e-22)
(1.034014839 0.01061187542 9.708330215e-22)
(1.066213129 0.008513823315 2.862110088e-22)
(1.057178485 -0.03130767891 -4.202055512e-22)
(1.012814523 -0.01178977438 2.183775709e-22)
(1.0304582 0.01908321501 1.359209164e-22)
(1.052759979 0.007740499779 2.695022518e-22)
(1.050245182 0.0009464821913 6.616596564e-23)
(1.069100289 0.008864042234 1.720411958e-22)
(1.07096911 0.006739330329 9.852070978e-22)
(1.07236756 0.002768265658 7.235554076e-22)
(1.072505456 0.0002869658336 -3.773342175e-22)
(1.07298491 -0.004833274184 1.865395469e-22)
(1.069443088 -0.007497904998 -1.595027968e-22)
(1.069004415 -0.01236703301 2.009593445e-21)
(1.060181097 -0.01516178199 4.473161117e-22)
(1.057958304 -0.01535215431 -9.297731141e-22)
(1.046591318 -0.01801874862 0)
(1.040195959 -0.00813558631 -8.681764748e-22)
(1.039810951 -0.007099099206 -8.634245742e-23)
(1.034182122 0.001534853014 4.715875505e-22)
(1.050105193 0.001533263831 3.187981254e-22)
(1.043850352 -0.01395805998 3.562974188e-22)
(1.019260462 -0.004253919183 1.195762394e-22)
(1.030373938 0.009056004606 -1.533740454e-22)
(1.04190687 0.003880971994 3.655526447e-23)
(1.042704213 0.0009214372995 2.02805766e-22)
(1.05443432 0.002196208193 1.298972938e-21)
(1.055576767 0.001645474378 1.916442478e-22)
(1.056432951 0.0007479429781 -7.945355635e-22)
(1.056531098 9.020230981e-05 -5.113149031e-22)
(1.056663842 -0.00107191626 -1.843182961e-22)
(1.054679525 -0.001714435795 4.245571087e-23)
(1.053711099 -0.002849779441 -4.134337659e-22)
(1.048711798 -0.003401373847 -4.324187294e-22)
(1.046191248 -0.00369545864 -1.279770831e-22)
(1.039401001 -0.004164436401 6.123908354e-22)
(1.034889572 -0.00251797784 0)
(1.032464269 -0.00261485796 -2.171290276e-23)
(1.028565224 -0.0006249325298 0)
(1.03337807 -0.0007604607782 0)
(1.028852187 -0.003681118255 -2.72026917e-23)
(1.016652821 -0.001129289042 2.738829942e-23)
(1.022480646 0.00147488201 -2.048420536e-22)
(1.027991741 0.0003889556401 -1.508271652e-22)
(1.029670126 -0.0001112494623 2.462863568e-23)
(1.199791488 0.1686178131 -9.731213796e-22)
(1.203480205 0.1573760874 -3.918201427e-20)
(1.228979968 0.1509138712 5.844978365e-21)
(1.220587782 0.1259983192 1.992399505e-20)
(1.27042089 0.1232220787 -1.105735312e-20)
(1.241090488 0.07744227028 -1.48707681e-20)
(1.179163198 0.1472605956 1.766978942e-20)
(1.183287022 0.1385069433 -1.055193694e-20)
(1.20187364 0.1345206451 -3.638522643e-20)
(1.2028649 0.1161350592 -1.825017178e-21)
(1.233398324 0.1113905259 2.262999527e-20)
(1.241144239 0.08483830462 1.332620585e-20)
(1.157657134 0.1238596629 0)
(1.164167188 0.1187454385 2.094829861e-21)
(1.174259264 0.1138368122 -1.626970849e-20)
(1.185310892 0.1045214608 -1.338824531e-20)
(1.199319815 0.09496928464 3.836874766e-21)
(1.222358331 0.08270671061 -2.408699782e-21)
(1.137279206 0.1015535589 -1.367896663e-20)
(1.144015081 0.09887278071 0)
(1.149382254 0.09342453366 8.186663966e-21)
(1.162907991 0.0895620749 -2.15741748e-22)
(1.169977865 0.07867596443 -4.12763553e-21)
(1.194733042 0.07320266882 -3.02687169e-21)
(1.118445551 0.08005433809 2.086077351e-20)
(1.123964668 0.07848233105 0)
(1.127500748 0.07384084431 -5.77229098e-21)
(1.139032737 0.07218881847 4.30988512e-21)
(1.143582222 0.06253294774 1.552494403e-20)
(1.164804824 0.06042358737 -2.754361754e-21)
(1.100784041 0.06070617699 1.018396391e-21)
(1.104905053 0.05958885568 -9.559267613e-21)
(1.107436113 0.05616743832 1.65352454e-20)
(1.116272554 0.0551724506 1.256744732e-21)
(1.119260892 0.04765226165 -1.661043761e-20)
(1.136009561 0.04673151175 1.328997624e-20)
(1.083870915 0.04346792397 -1.023951827e-20)
(1.086779442 0.04260497217 1.391794029e-20)
(1.088632033 0.04033392047 1.156870735e-20)
(1.094902824 0.03944816724 -2.384642729e-22)
(1.096984283 0.03432961653 -2.025303093e-21)
(1.108916026 0.03339721849 -1.554039567e-21)
(1.06870004 0.02827371146 2.1467753e-20)
(1.070598511 0.02765235896 6.660747411e-21)
(1.072027149 0.02625897293 -1.271702653e-20)
(1.075992797 0.02550216536 2.402461898e-21)
(1.077729801 0.02235401 1.691458761e-21)
(1.085141158 0.0214224224 4.739503316e-22)
(1.056382368 0.01613840096 4.038943682e-20)
(1.057621796 0.01574553173 2.596605795e-21)
(1.058795652 0.01498809697 5.474537848e-21)
(1.061193795 0.01442509113 -2.604178584e-21)
(1.062814924 0.01275474459 -1.297369025e-20)
(1.067084684 0.0119098779 6.943670547e-21)
(1.046523563 0.003748607831 -8.040271295e-21)
(1.047302017 0.00366537581 -1.135657604e-20)
(1.048191014 0.00350270428 8.162142939e-21)
(1.049541262 0.0033902919 1.927718825e-22)
(1.050860828 0.00303270066 3.19617488e-23)
(1.052998231 0.00287290552 -1.380032147e-22)
(1.164930436 0.1920547907 1.435064131e-20)
(1.177967034 0.1843994639 -3.187056393e-20)
(1.186454188 0.175421999 3.552728476e-20)
(1.151681808 0.1638927617 8.207341863e-22)
(1.161836136 0.1585347058 -2.205016015e-20)
(1.168749409 0.1517247495 -4.515544847e-21)
(1.136241853 0.1357240385 5.181802412e-20)
(1.143809267 0.1318803363 0)
(1.150649322 0.1274805097 -9.442512869e-22)
(1.121359422 0.1106196536 -1.597110582e-21)
(1.126738465 0.1075962045 2.843697486e-20)
(1.132687612 0.1047574725 -1.875943977e-21)
(1.106522451 0.08685479725 -1.36070387e-20)
(1.110473734 0.08454814575 -3.22658703e-20)
(1.115144688 0.08258148884 4.627676529e-21)
(1.091926997 0.06562573071 -1.875627125e-20)
(1.09486344 0.0639654984 1.562674886e-20)
(1.098339589 0.0625250671 2.53624319e-20)
(1.077435268 0.04690555461 -1.461503868e-20)
(1.079585654 0.04575666013 -1.69618826e-20)
(1.082078886 0.04470124178 -1.453229084e-20)
(1.064150341 0.03053493554 4.138865582e-20)
(1.065694294 0.02978347658 -1.906123447e-21)
(1.067398743 0.02906097303 -3.770657256e-20)
(1.053021724 0.01747354092 -7.701991912e-21)
(1.054184375 0.01702913893 -1.900087644e-21)
(1.055391709 0.01658956395 8.029777679e-21)
(1.044102681 0.004042115846 8.179251557e-21)
(1.044977197 0.003939535031 9.746393625e-21)
(1.045773012 0.003842333159 -2.804432621e-21)
(0.9952152339 0.2307644769 -1.680050767e-20)
(1.049441058 0.2304131199 -1.000840528e-20)
(1.090739827 0.2237899861 6.231331354e-20)
(1.120266966 0.2151974173 -4.667248632e-20)
(1.139605143 0.2066855875 -2.356538503e-20)
(1.15395356 0.1994658338 3.875838388e-20)
(1.024942492 0.2006563381 4.54245262e-20)
(1.066060218 0.1975398142 3.122093008e-20)
(1.096650862 0.1900999278 -7.353359011e-20)
(1.118243827 0.1822551041 -5.253113052e-20)
(1.132500439 0.1751088154 2.003460545e-20)
(1.143292471 0.1695652721 4.620823993e-20)
(1.043878443 0.1661043697 5.449855488e-21)
(1.071994654 0.1607082067 -6.242318325e-21)
(1.093774441 0.1542178519 3.539788138e-20)
(1.109531734 0.1482726209 -1.961440101e-20)
(1.120793194 0.1433272556 -8.651356401e-20)
(1.129076551 0.1394815715 9.566093821e-21)
(1.054456727 0.1336573055 1.349636089e-21)
(1.073637019 0.1286197311 2.664647799e-20)
(1.089254757 0.1237520012 1.257313685e-22)
(1.100796674 0.1194562199 5.936503137e-21)
(1.109490068 0.1160124537 -7.484351579e-21)
(1.115639138 0.1131913252 -2.872812379e-20)
(1.059043722 0.1044599768 1.164888667e-20)
(1.072099218 0.100269593 -7.680864812e-21)
(1.083038219 0.09658432803 -1.337435643e-20)
(1.091300755 0.09337929466 5.572313345e-21)
(1.097700905 0.09083516567 1.706416801e-20)
(1.102204949 0.08872290174 9.123561322e-21)
(1.058705535 0.07880116475 -7.934964198e-21)
(1.067515858 0.07550432848 2.375336023e-20)
(1.075041684 0.07271795491 2.346102093e-20)
(1.080879076 0.07036786017 -3.31229747e-20)
(1.085474764 0.06850769985 -2.388296226e-20)
(1.088755374 0.06698715288 -1.678639426e-20)
(1.054449233 0.0563489591 5.196072498e-21)
(1.060446556 0.05390507043 -1.369342526e-20)
(1.065581508 0.05189121986 1.856701931e-21)
(1.069634938 0.0502370862 1.768751272e-20)
(1.072845028 0.04892639483 2.452134591e-20)
(1.075175397 0.04787420219 1.58285688e-20)
(1.047931482 0.03675812771 0)
(1.052189697 0.03513729002 0)
(1.055796696 0.03380583465 -1.749457747e-20)
(1.058667722 0.03272147906 2.468561376e-20)
(1.060921625 0.03186104143 8.859424628e-21)
(1.062575539 0.03117720155 -2.224664025e-20)
(1.041298469 0.02105926166 7.09811579e-24)
(1.044480372 0.02014852086 -7.622709062e-21)
(1.047068196 0.01938629899 4.195928697e-21)
(1.049113446 0.01875991993 -1.488881232e-20)
(1.050702037 0.0182556259 1.337714872e-20)
(1.051893044 0.0178570851 -1.62197642e-20)
(1.035403766 0.005008762449 1.00456373e-21)
(1.03792992 0.004729336283 4.014711626e-21)
(1.039830008 0.00451596735 5.092476516e-21)
(1.041352258 0.004355261786 1.582971722e-20)
(1.042448049 0.004230240526 -1.533590054e-20)
(1.043343226 0.004137041131 -2.775438607e-20)
(0.9956239248 0.01416191179 -8.958295806e-22)
(0.9893643562 -0.003471021541 -3.490961603e-22)
(0.9744765497 0.05120774599 -5.086193323e-22)
(0.9650048072 0.04723799873 5.727586589e-21)
(0.9467088755 0.1189140254 0)
(0.958721613 0.1362695998 -1.525402095e-20)
(0.9503464512 0.2128487596 -2.680309359e-20)
(0.9830472158 0.01588011693 7.286233585e-22)
(1.007832564 -0.002784481602 2.647852436e-21)
(0.9670764926 0.05573421865 -1.120587124e-20)
(0.9916790901 0.05228613891 1.574012862e-20)
(0.9591563665 0.1191795633 -6.836127815e-22)
(0.9935896732 0.1310623713 -1.255608174e-20)
(0.9838951297 0.193065518 -2.557955662e-21)
(0.9793308587 0.01738515742 1.799149419e-21)
(1.011826358 -0.00241800251 2.94305795e-21)
(0.9722924307 0.06042750729 1.269182629e-22)
(1.001932071 0.05303042287 3.794106627e-21)
(0.9817558772 0.1156248015 -3.193700126e-21)
(1.013355755 0.1184354602 -1.390337694e-21)
(1.013853664 0.1668572301 1.446660259e-20)
(0.98688069 0.0192637158 1.86641815e-21)
(1.005715972 -0.001264767999 -1.855246397e-21)
(0.9849009559 0.06128728641 8.154280515e-23)
(1.006224796 0.05234808397 -4.192684531e-21)
(1.002415471 0.1045862553 -9.60233863e-22)
(1.025966457 0.1036795925 -2.609242445e-21)
(1.033687796 0.1372727317 -8.185524847e-21)
(0.9952349996 0.01999469473 -4.149032837e-21)
(1.002600705 0.001994697291 1.633196344e-21)
(0.9967004284 0.05568059644 4.843412806e-22)
(1.011136543 0.05013407208 -5.247042409e-22)
(1.017891921 0.08787229678 -3.346899599e-21)
(1.034652112 0.08700054294 4.95625141e-21)
(1.044987568 0.108376419 -6.372294785e-21)
(0.9994549822 0.01801383492 5.728117803e-22)
(1.003555997 0.006607179711 -1.935792009e-21)
(1.006041616 0.04571988255 -1.132636602e-22)
(1.016304732 0.04568074318 -2.327478619e-21)
(1.027499115 0.07004453182 -9.193792713e-22)
(1.039300726 0.06944079278 4.328480747e-22)
(1.049399579 0.08217400083 -7.173779375e-22)
(1.000451471 0.01485913451 -1.646308809e-21)
(1.00506186 0.009684422377 -2.303936663e-21)
(1.012448581 0.03523136348 7.90272581e-22)
(1.020232879 0.03789945545 -9.222831292e-23)
(1.031279189 0.05248386332 -9.251681267e-22)
(1.039631438 0.05187824591 -4.52002976e-21)
(1.048184791 0.05894717352 1.505770843e-21)
(0.9999819908 0.01068057496 0)
(1.006097285 0.0102059751 1.708735544e-21)
(1.015252541 0.02484631535 1.714469397e-22)
(1.021885192 0.02740752218 -3.992712113e-21)
(1.030873566 0.03528914577 8.274493567e-22)
(1.037008413 0.03491784203 4.241435367e-21)
(1.043499413 0.03844778285 5.55471309e-23)
(0.9993543316 0.006480268651 1.233547988e-22)
(1.005897198 0.008290552559 -9.517366511e-22)
(1.01475612 0.01532484089 -1.537982697e-21)
(1.021235495 0.01690739754 1.631503297e-21)
(1.028265997 0.0205888927 2.045589507e-21)
(1.033191625 0.02044196546 3.258788496e-23)
(1.03789047 0.02197220937 0)
(0.9991213641 0.001682176334 -1.02904986e-22)
(1.005570531 0.002249627522 7.53026596e-23)
(1.013341127 0.003944303277 5.065406891e-22)
(1.019527196 0.004148313729 4.840465493e-23)
(1.025146904 0.005055237849 2.33838008e-21)
(1.029211456 0.004913988418 -1.296156609e-21)
(1.032667289 0.00532710526 -6.509426213e-21)
(1.001788877 8.75790808e-05 1.987866136e-22)
(0.9805572167 -0.003874768579 6.26075393e-22)
(0.9694016816 0.003001400674 6.15598479e-22)
(0.9411185906 0.002417459902 2.768065506e-21)
(0.9081370408 0.01105125021 -6.215648503e-21)
(0.864211147 0.01377461149 -2.86436206e-20)
(0.8169027005 0.02845404761 1.848240792e-20)
(1.004854047 0.003880554914 -2.88590027e-22)
(0.9770421525 -0.004032486875 -1.926120438e-21)
(0.9724600749 0.0147904883 9.545609559e-22)
(0.9393380786 0.01452162801 2.48816788e-21)
(0.9132231325 0.03988415069 2.031144047e-21)
(0.8702216763 0.05283909996 -2.12684876e-21)
(0.834688378 0.09692673264 -2.30506242e-20)
(1.007596152 0.0079591015 1.65055298e-21)
(0.973546495 -0.00431695909 -1.909733351e-21)
(0.9767184737 0.02705495482 -1.218895182e-21)
(0.9384729341 0.02635189944 1.189226728e-21)
(0.9235815949 0.06595675311 5.169487853e-21)
(0.8859583854 0.08549074496 4.303610941e-22)
(0.8712797807 0.1495782378 1.878746142e-20)
(1.005650057 0.01087419194 -7.728615756e-22)
(0.9743802045 -0.002523400872 5.051011891e-21)
(0.9803864545 0.03954141237 7.306662211e-21)
(0.9363170668 0.04258954563 -2.918049728e-21)
(0.9370728708 0.09905878191 -6.897457723e-21)
(0.894646183 0.131510004 -7.545222285e-21)
(0.9202755377 0.2050588667 -1.842559542e-20)
(-0.001532627338 -0.01444863779 -4.870223348e-21)
(-0.005232698378 -0.04347162322 -5.039673792e-20)
(-0.01063582825 -0.07530791943 7.423543786e-21)
(-0.01855391339 -0.1080757154 2.222126939e-20)
(-0.02984330874 -0.1386736813 -7.809642501e-21)
(-0.0454715584 -0.1629452566 2.905114254e-21)
(-0.06622673227 -0.1767477758 -1.668510686e-20)
(-0.09183734688 -0.1778062671 1.914935111e-20)
(-0.1195347089 -0.1662456271 1.503888113e-20)
(-0.1440751529 -0.1405862314 -1.858734637e-20)
(-0.1672962923 -0.09766446405 -1.280007111e-20)
(-0.1350413022 -0.004230327827 -4.274993947e-21)
(-0.004250799494 -0.01426694022 -1.461434657e-21)
(-0.01269198443 -0.04371436851 5.787028154e-21)
(-0.02172369361 -0.0773390465 -3.826617911e-21)
(-0.03071191178 -0.1139385995 -7.832518361e-21)
(-0.03877525018 -0.1509658458 1.204510234e-21)
(-0.04470906191 -0.1842773185 -5.965969397e-23)
(-0.0469999421 -0.2085266959 2.469196639e-22)
(-0.04360165328 -0.2187210764 0)
(-0.03124215967 -0.2120761319 -3.729861062e-21)
(0.006256472983 -0.1878821011 -1.844474908e-20)
(0.02908241403 -0.1462376535 -7.700999088e-21)
(0.198372434 -0.03532533864 -4.623916285e-21)
(-0.004934432808 -0.009429494213 1.255950042e-21)
(-0.01485421526 -0.02952974714 -6.310117094e-21)
(-0.02543906735 -0.05353678401 -5.043189645e-20)
(-0.03547326037 -0.08110626856 -1.595125956e-20)
(-0.04290702376 -0.110822728 1.642218858e-20)
(-0.044424039 -0.1397735417 -1.93767106e-21)
(-0.03521414751 -0.1633237579 4.683626793e-21)
(-0.008683384603 -0.1756631525 3.035899994e-21)
(0.0425936705 -0.1702504584 0)
(0.1577022829 -0.1540644656 0)
(0.245558613 -0.09640397455 -2.958649302e-20)
(0.6458801741 -0.02166216551 3.277939507e-21)
(-0.005271946803 -0.006475023277 -5.163696486e-21)
(-0.01566833628 -0.01970320633 -3.303318782e-20)
(-0.02632357984 -0.03475291834 5.260352021e-20)
(-0.03530536752 -0.05108240506 2.91150044e-20)
(-0.03900598548 -0.06753567421 -1.354871545e-20)
(-0.03118478207 -0.08214349938 -4.695829635e-21)
(-0.001840218459 -0.09188130527 -1.833637338e-20)
(0.06416694694 -0.09280612245 1.286808829e-20)
(0.186313179 -0.07998092587 -6.71785529e-22)
(0.3981174773 -0.06366758916 1.00572569e-20)
(0.6249728612 -0.02473125002 4.114577179e-21)
(1.058091731 0.0003450216401 9.500005595e-22)
(-0.005614920536 -0.004641968342 2.787052972e-21)
(-0.01486399955 -0.0130047394 -1.405802249e-20)
(-0.02093937503 -0.02104617501 -4.157514785e-20)
(-0.01939469039 -0.0278216028 -4.589766949e-21)
(-0.002820122862 -0.03211836695 -1.428293366e-21)
(0.04061077782 -0.03277576252 6.82433914e-20)
(0.1285031481 -0.02921679057 -8.44927716e-21)
(0.283595626 -0.02273042335 2.298777281e-20)
(0.5240908414 -0.02011898431 -3.210379309e-20)
(0.822846557 -0.02307885116 2.291612941e-21)
(1.126294381 -0.04622466778 9.30111711e-21)
(1.322316271 -0.02639749828 -1.023318752e-20)
(-0.002214508756 -0.001442628787 -3.989312071e-21)
(-0.001313305943 -0.002993748849 -3.950012744e-21)
(0.009546979534 -0.003440526589 9.38109845e-20)
(0.03837787703 -0.002599039142 3.539846024e-20)
(0.09721677271 -0.000558032066 -3.163015289e-20)
(0.2031519469 0.001352173684 -7.427707646e-21)
(0.3770094424 -0.0007323867053 3.626828306e-20)
(0.6329667014 -0.01513664858 -1.26646006e-20)
(0.9407301898 -0.04841373329 6.807773711e-20)
(1.207054427 -0.08979162916 -1.15421774e-20)
(1.334076557 -0.108866023 -5.170447554e-20)
(1.34622971 -0.09501396165 2.681592763e-20)
(0.004995114375 0.00149347063 1.382900507e-20)
(0.02358498188 0.005231241529 6.899950144e-20)
(0.05931814474 0.009129452136 -7.193341201e-20)
(0.1228400175 0.01176371138 -1.488258277e-20)
(0.2287984031 0.01089471416 -3.197559528e-20)
(0.3948495898 0.002144688207 1.379937948e-19)
(0.6338571329 -0.02186840424 1.06624905e-19)
(0.926114348 -0.06800577875 -1.318986492e-19)
(1.180466324 -0.121254343 9.730361508e-21)
(1.303459157 -0.1478246614 8.403593439e-21)
(1.317717468 -0.1406013614 -9.647931666e-22)
(1.304359529 -0.1137857746 -3.404786006e-20)
(0.01362226279 0.003032808673 4.219951619e-21)
(0.05199868268 0.008791938989 3.005230237e-20)
(0.1135025624 0.01280675648 -1.356199814e-19)
(0.2099307302 0.01199253029 -8.08892902e-20)
(0.3557982041 0.00223430152 1.210792515e-19)
(0.5639842036 -0.02255665993 -4.997031062e-20)
(0.8298048642 -0.06873134632 6.800605949e-20)
(1.095680696 -0.129362354 9.235025885e-20)
(1.266852463 -0.1713454671 -5.52477931e-20)
(1.326305657 -0.1796881155 3.593635538e-21)
(1.325150525 -0.166858826 -3.317667744e-20)
(1.301516513 -0.1442688483 7.515160744e-22)
(0.02195671837 0.003279038586 -3.298164541e-21)
(0.07872210273 0.008328043454 -2.209262779e-20)
(0.1629355826 0.009473229971 3.268626244e-20)
(0.2862726506 0.0023653064 -3.419704023e-20)
(0.4610911729 -0.01809734614 -3.072432074e-20)
(0.6927011702 -0.05775089196 -5.669098507e-21)
(0.9584893033 -0.1176896629 -3.383952358e-20)
(1.185632576 -0.1781599745 9.656437731e-20)
(1.307699878 -0.2096206432 1.13199242e-21)
(1.332925581 -0.2096847843 -1.878342576e-20)
(1.309925761 -0.1897776072 0)
(1.278703493 -0.1604722519 -1.365331434e-20)
(0.0294927292 0.00270724199 7.753483954e-21)
(0.1020733778 0.005544523105 3.335417412e-20)
(0.204726908 0.002472117881 -3.358329046e-20)
(0.3483278972 -0.01160422367 -2.202359322e-20)
(0.5423400672 -0.04197247951 5.364454478e-20)
(0.7846517431 -0.09294465823 2.586847024e-20)
(1.04032777 -0.1597578664 -1.366232434e-20)
(1.235620746 -0.2167446901 5.57786522e-20)
(1.323600943 -0.2390542897 -1.730071986e-20)
(1.328591868 -0.2303888548 3.768543878e-20)
(1.301511785 -0.2057393959 -9.530541087e-20)
(1.27003467 -0.1755557577 8.260468709e-20)
(0.03663538075 0.001457647826 0)
(0.1240594115 0.0008349224289 -6.250236822e-21)
(0.2435800399 -0.007539093999 7.90351863e-21)
(0.4047802439 -0.02927670547 -1.306490922e-20)
(0.613677606 -0.06941642242 -8.787539998e-20)
(0.8608953951 -0.1300061774 5.517088633e-20)
(1.102714203 -0.2006667074 9.729530476e-21)
(1.269180584 -0.2523647069 8.580176516e-20)
(1.33132245 -0.2656379755 5.480672779e-20)
(1.322751255 -0.2503888766 -7.119412374e-20)
(1.289936055 -0.221593435 2.939182414e-20)
(1.256359678 -0.1878508987 2.993757319e-20)
(0.04480211396 -0.0007115328495 -8.192836132e-21)
(0.1486001103 -0.006689100346 -3.659388559e-20)
(0.2858887514 -0.02245094854 6.121481739e-20)
(0.4643193761 -0.05380214967 -2.441672851e-20)
(0.6855844855 -0.1048701203 -7.018147055e-20)
(0.9326882607 -0.1744174737 1.560583436e-19)
(1.155711161 -0.2463189853 2.391254128e-20)
(1.292782203 -0.290312678 -1.578027975e-19)
(1.331643002 -0.2936374856 2.848199262e-20)
(1.312051776 -0.2710095876 3.00557882e-20)
(1.277232196 -0.2375530047 1.19770655e-19)
(1.244234655 -0.2011782088 -1.114413598e-19)
(0.05286974716 -0.003798647305 1.591469005e-20)
(0.1726447975 -0.01690976817 1.720114039e-20)
(0.326687819 -0.0417279077 -1.85074736e-19)
(0.5201456671 -0.08382620346 5.589117192e-20)
(0.7499338314 -0.145759308 1.33003306e-19)
(0.9921852818 -0.2224224623 -5.130544192e-20)
(1.194208195 -0.2928404075 -9.753522543e-20)
(1.304563632 -0.3276660834 4.760187226e-20)
(1.325046419 -0.3210117582 6.312083168e-20)
(1.298185514 -0.2916654365 -3.193106544e-20)
(1.261761556 -0.2538500476 -1.050070701e-19)
(1.228990298 -0.2138069724 0)
(0.06083219248 -0.007669256526 -1.199559909e-22)
(0.1955057229 -0.02915968542 1.379672889e-20)
(0.3641105203 -0.06395858824 6.369161417e-20)
(0.5691745548 -0.1169585738 3.219304349e-20)
(0.8031389626 -0.1887220691 -7.240841624e-20)
(1.036930257 -0.2703124922 -1.569118927e-20)
(1.218166528 -0.337247625 -4.589750722e-20)
(1.306073788 -0.3624487014 9.6069826e-20)
(1.312754792 -0.3464087829 -6.440672539e-20)
(1.281161376 -0.3107457555 -7.645464254e-20)
(1.244929046 -0.2685687969 6.454953032e-20)
(1.214101358 -0.225222529 -3.693092272e-21)
(0.0685747123 -0.01276187766 1.532900289e-22)
(0.2177154352 -0.04485463317 -2.458533031e-20)
(0.4000097829 -0.09161966077 -5.791472833e-20)
(0.6148586028 -0.1568495841 -8.602699459e-20)
(0.8500463313 -0.2386194717 5.31199198e-20)
(1.072338308 -0.3238621344 1.269149905e-20)
(1.231888428 -0.3853299429 -1.099942669e-19)
(1.299029311 -0.3994966516 1.635114641e-19)
(1.294137031 -0.3734482779 -5.419323724e-20)
(1.259441569 -0.3311098914 -2.080431248e-20)
(1.224142107 -0.2841484818 -2.515412545e-20)
(1.195856095 -0.2367686088 -2.431522363e-20)
(0.07796954337 -0.02087292895 -6.449584674e-21)
(0.2437665651 -0.06927995068 3.042907391e-20)
(0.4404857775 -0.1335042523 -2.330398945e-20)
(0.6634210157 -0.2152151412 -1.499931485e-19)
(0.8951044286 -0.3086343792 5.434301533e-19)
(1.099315442 -0.3955686193 -2.793343239e-19)
(1.232075914 -0.4471056968 -9.805760833e-20)
(1.27694019 -0.4461179982 1.919011988e-19)
(1.261495662 -0.4074308475 -1.483515707e-19)
(1.225759415 -0.356371845 -1.102960453e-19)
(1.193714733 -0.3027753926 -1.928555927e-19)
(1.170449788 -0.2501689382 5.9521549e-21)
(0.08695573371 -0.03316158426 -1.374719666e-20)
(0.2676228463 -0.1053240465 -4.975329222e-20)
(0.475140539 -0.1935929582 1.18523589e-19)
(0.7000547694 -0.2959356212 4.548242076e-20)
(0.920083758 -0.4011054272 -8.354167892e-20)
(1.098838137 -0.4854813673 -4.374513787e-20)
(1.202033659 -0.5212641568 7.937441998e-20)
(1.226967739 -0.5011099008 3.337945879e-20)
(1.206086153 -0.4474802452 -2.613650359e-20)
(1.174536602 -0.3856412018 -5.678642278e-20)
(1.149008697 -0.3235248612 3.692328767e-20)
(1.133079306 -0.2643002968 -4.498961452e-20)
(0.09197311031 -0.05029338402 -6.83327398e-21)
(0.2787675815 -0.1543709901 -9.876924358e-20)
(0.4863574323 -0.2730194078 -4.998361455e-20)
(0.7011342897 -0.3985450336 1.518934892e-19)
(0.8982661659 -0.512873917 -6.084480415e-20)
(1.04533861 -0.5880347149 1.955508618e-19)
(1.120507325 -0.601430226 -4.461684235e-19)
(1.133701504 -0.5585398626 4.627873013e-19)
(1.117325249 -0.4879673545 -3.009681331e-19)
(1.097231988 -0.4137732385 -1.180533116e-19)
(1.083108502 -0.3424705459 9.999753493e-20)
(1.078569639 -0.2764542624 1.552005071e-20)
(0.08589967638 -0.06958962796 -4.241930335e-21)
(0.257304149 -0.2084501367 6.537767661e-20)
(0.4428937323 -0.3578106384 -1.709059797e-19)
(0.6277512337 -0.5028369169 -1.745933064e-20)
(0.7888084838 -0.6188055063 3.341795645e-19)
(0.9021364065 -0.677025041 3.257220593e-19)
(0.9600284447 -0.6633119431 -4.843639356e-19)
(0.9790505629 -0.5964121067 -1.832930219e-19)
(0.9817657413 -0.5119640209 -1.004922125e-20)
(0.9831649313 -0.4281937088 6.467421761e-20)
(0.9875723525 -0.3500691643 9.253245181e-20)
(0.9983203543 -0.2806617652 4.879632883e-20)
(0.0671888283 -0.08125136303 -1.275541288e-20)
(0.1995743632 -0.2381851665 -4.367334885e-20)
(0.340800247 -0.3985343117 -3.348566094e-21)
(0.4792284354 -0.5422488002 -4.656788159e-19)
(0.5990778941 -0.6425176086 5.327972303e-19)
(0.688138706 -0.6762619175 -1.809667102e-19)
(0.747085949 -0.6426466069 1.039204102e-19)
(0.7872793492 -0.568217438 6.852981273e-20)
(0.8203930115 -0.4833605244 -6.235024812e-20)
(0.8514044605 -0.4012149446 8.869827538e-20)
(0.878028465 -0.326126371 3.51552349e-20)
(0.9019333332 -0.2616237143 6.440560904e-21)
(0.04111389531 -0.07538648329 -4.896010449e-20)
(0.123459206 -0.2181404868 -2.359880128e-19)
(0.214194838 -0.3593684397 -6.274574229e-21)
(0.3082898831 -0.4794702636 8.558778568e-21)
(0.3982998076 -0.5557506122 5.894935949e-20)
(0.4789486711 -0.5729330767 -2.854969459e-20)
(0.5502025531 -0.5361753336 -3.56083274e-20)
(0.6154430161 -0.4696131518 -5.588360864e-20)
(0.6782450947 -0.3966753225 7.854654409e-20)
(0.7386853325 -0.3267884172 -4.383128612e-20)
(0.7927092042 -0.2623515656 -2.906857046e-20)
(0.8399046539 -0.2056057714 3.654844007e-20)
(0.01743315002 -0.05430686521 2.399135585e-20)
(0.05555933343 -0.1559742358 3.392249676e-20)
(0.103605625 -0.254672842 6.949240973e-21)
(0.1628347961 -0.3360092223 1.744424201e-20)
(0.2321692483 -0.3846418882 -3.99456445e-20)
(0.3096137309 -0.3919796039 -2.916917979e-20)
(0.3924174088 -0.3639013264 9.811366807e-20)
(0.4773639585 -0.3177349141 -5.808802593e-20)
(0.5620768101 -0.268535312 -5.460515273e-20)
(0.6438216399 -0.221952246 -3.378776686e-20)
(0.7188705874 -0.179419201 -6.209187376e-20)
(0.7863194371 -0.1419048568 1.570552357e-20)
(0.003154238343 -0.02132402725 -1.397217351e-21)
(0.01508415057 -0.06100675221 -5.877183009e-20)
(0.03865450699 -0.09913208208 -6.855469717e-20)
(0.07907746884 -0.1299613261 5.259566381e-21)
(0.1388176426 -0.1476163303 6.267738581e-20)
(0.2170191803 -0.1491844384 5.817695701e-20)
(0.3084602349 -0.1374540638 -1.273861207e-19)
(0.4056496626 -0.1192799212 1.989587575e-19)
(0.5028145479 -0.1002750723 1.49244856e-19)
(0.595795866 -0.082494402 -7.999368932e-20)
(0.6810933327 -0.06655039425 -9.346097181e-20)
(0.757811252 -0.0530031601 -4.459373478e-20)
(-0.1109887063 0.06856557093 6.779262646e-20)
(-0.09068544434 0.1607144712 -3.461300491e-21)
(-0.06206827874 0.2649645025 -2.764861533e-20)
(-0.04179790785 0.3610304504 2.375180799e-20)
(-0.001395535875 0.4401868632 1.253194894e-20)
(0.04775684361 0.4050772626 3.359088979e-20)
(0.2283243169 0.09198964835 4.968494841e-20)
(0.3980968375 -0.1118713408 1.06315179e-19)
(0.5868349266 -0.4281380664 -2.443184955e-20)
(0.467842143 -0.617222109 1.282761931e-20)
(0.615131435 -0.2139169475 2.416874255e-20)
(0.9369979666 0.009956349174 -1.009124135e-20)
(1.00501876 0.4494061423 -2.468242194e-22)
(0.8765310146 0.6590466902 -2.047664465e-22)
(1.004718429 -0.1400196901 6.86880429e-21)
(0.9413799728 -0.4580575346 5.163563013e-21)
(0.9541354251 -0.02762376228 -2.31604237e-22)
(0.9439084947 0.1323093295 8.810663589e-22)
(0.9283296132 0.02916628484 1.038809375e-21)
(0.2446865303 0.0666381848 -1.381093963e-20)
(0.2730276521 0.1598006346 7.823771118e-21)
(0.2924758321 0.2501823497 -2.934957572e-20)
(0.2781850904 0.3380669263 -3.223696703e-20)
(0.2339989932 0.4219297007 4.427588786e-21)
(0.1381568529 0.4497449438 1.606004378e-20)
(0.1376711584 0.2045985263 7.477822253e-21)
(0.2387608058 -0.01233764832 -1.08282211e-19)
(0.3065011076 -0.3948614088 4.494746363e-20)
(0.3626661052 -0.5640925773 -4.887381295e-21)
(0.6745468627 -0.1108862809 7.330398391e-22)
(0.9906456346 0.07965655404 3.520733313e-21)
(1.11710216 0.4172017871 2.759716683e-20)
(0.8803907255 0.6475270082 0)
(0.9458351802 -0.1242466673 7.906900565e-21)
(0.9028418787 -0.4545540192 -6.052156779e-21)
(0.9549504284 -0.03063115885 2.248206008e-21)
(0.9473268329 0.1292419644 -1.164332596e-21)
(0.9253400116 0.02747113358 -2.066537121e-22)
(0.6817773129 0.05588219048 3.145545481e-21)
(0.7203124861 0.1400532266 9.276751506e-22)
(0.747049886 0.2200332063 -3.314285049e-20)
(0.7464854865 0.277360062 -4.11024268e-20)
(0.6659844809 0.3135924066 1.792713093e-20)
(0.5453951172 0.3755311703 2.661859215e-20)
(0.2820464573 0.2412496623 -6.492970523e-20)
(0.2896061487 0.05549610042 -9.521391063e-20)
(0.2124147797 -0.3109263511 -3.870927891e-21)
(0.4527550235 -0.4634971229 1.662298735e-20)
(0.8214284256 -0.01819183843 -3.671720526e-21)
(1.03751135 0.1431036981 1.426292843e-20)
(1.177665132 0.3835778624 -2.018857472e-21)
(0.8805308151 0.6267541736 -1.2662933e-20)
(0.8795407392 -0.1054360322 -1.281199242e-20)
(0.8677876494 -0.4418302398 3.590153984e-21)
(0.9594743306 -0.03094568839 7.588426303e-22)
(0.9482278457 0.1247093912 -1.570578732e-21)
(0.9194982001 0.02545134318 5.284677305e-22)
(1.067607824 0.05772423475 -9.816803653e-21)
(1.084041187 0.1243653011 -4.82504533e-21)
(1.065944797 0.1885930739 -1.363719817e-22)
(1.066553188 0.2539817371 -6.575345553e-21)
(0.961723199 0.2536112556 2.596914798e-21)
(0.95216156 0.2641771072 -2.986543696e-20)
(0.7005390476 0.1830107968 2.119681191e-20)
(0.5556489399 0.06682665462 -2.618307822e-20)
(0.3405316305 -0.2039333927 1.32870259e-20)
(0.6034386727 -0.3566777668 -1.958298409e-20)
(0.9846808464 0.01753480996 2.391866397e-21)
(1.078284091 0.1701452349 9.488185548e-21)
(1.208712294 0.3379972829 1.136061207e-20)
(0.8913175731 0.5862190076 5.142188533e-21)
(0.7912423092 -0.07256402341 8.824976104e-20)
(0.815209434 -0.4236484734 1.863906826e-20)
(0.9645905085 -0.0360397879 8.867181324e-22)
(0.9495496196 0.1173756061 6.467634886e-22)
(0.9130758052 0.02276066816 0)
(1.304299904 0.01202977954 3.624475581e-20)
(1.303440476 0.07632725875 2.969639294e-20)
(1.246660587 0.1222995918 -5.693897462e-20)
(1.230559654 0.1885358566 1.053420553e-20)
(1.111758098 0.2004113671 -2.247126265e-20)
(1.061510325 0.2182247808 -8.13230742e-21)
(0.9321256858 0.1247801616 -3.071771666e-20)
(0.8516992707 -0.004729028916 5.011611624e-21)
(0.6638508349 -0.1627503658 -3.860172866e-21)
(0.8575353221 -0.256729105 -6.3450651e-21)
(1.158812691 0.05793653527 -6.532360839e-22)
(1.123720159 0.1761422385 -2.938319869e-20)
(1.230078513 0.3005842553 -1.403525772e-20)
(0.9107869943 0.5202712012 6.220009921e-21)
(0.7409516575 -0.05190321176 2.646532776e-20)
(0.7937247952 -0.394653549 2.325558274e-20)
(0.984664394 -0.02472038933 4.038278362e-21)
(0.9535461087 0.1119404884 0)
(0.9095695442 0.02001642852 -1.987756303e-21)
(1.281187872 0.013144813 6.413604694e-21)
(1.277450642 0.07138215861 -8.929622869e-21)
(1.231265389 0.1064361715 -1.538050764e-20)
(1.209158994 0.1677933566 1.800873959e-20)
(1.11046658 0.1546981504 -1.183118506e-20)
(1.066007238 0.1630876952 1.024505813e-20)
(0.9673806574 0.09229639292 3.243500249e-21)
(0.9572218781 -0.05921489724 -3.124629603e-20)
(0.9063987301 -0.1705482849 4.798641703e-21)
(1.072645869 -0.179405267 3.511043217e-21)
(1.286252444 0.09214721564 5.4396909e-21)
(1.15128817 0.1850453359 -4.231177453e-20)
(1.213854946 0.2852595694 -6.011705773e-20)
(0.8975545599 0.4420665962 -8.737363269e-21)
(0.6539206978 -0.08989155414 -6.608945443e-20)
(0.7804186797 -0.3643619317 -1.911130115e-20)
(1.014277002 -0.005255757878 2.336221391e-21)
(0.9584473114 0.1038898664 2.957578717e-21)
(0.9073707391 0.01525772551 -7.870611969e-22)
(1.242988647 0.0004689622538 -6.76524413e-21)
(1.241355596 0.0447719385 -7.756470544e-21)
(1.206940203 0.06004541448 6.054304795e-21)
(1.192317028 0.1063685775 -3.091827785e-22)
(1.113226687 0.09552850175 5.210243349e-21)
(1.093570307 0.1002234668 9.26908303e-21)
(1.010086431 0.06962778469 -9.427090672e-21)
(1.001878667 -0.04809545535 -2.748148256e-21)
(1.048683654 -0.1142063336 6.041372131e-22)
(1.170796149 -0.1009540512 -4.732902954e-21)
(1.299077195 0.08808675142 7.486089448e-22)
(1.126715282 0.1547153237 1.447325523e-20)
(1.178835236 0.2398636878 5.750954342e-21)
(0.9380939843 0.349856598 1.007899146e-20)
(0.5803896187 -0.1096532087 1.529735043e-20)
(0.8122916808 -0.2999396257 -1.6335902e-20)
(1.059872218 0.01728830945 1.431289913e-22)
(0.9681831829 0.09066480426 2.477947263e-21)
(0.9111221095 0.009393519668 1.786085254e-21)
(1.199696427 -0.008985830194 -4.870607342e-21)
(1.198948542 0.02487275512 -1.639083803e-20)
(1.173725813 0.03514302628 -2.137460141e-21)
(1.166871676 0.07219287364 9.58051578e-21)
(1.110980093 0.06283309887 -6.683500102e-21)
(1.104552386 0.06982263445 4.663235145e-21)
(1.050999918 0.0459082456 5.175318281e-21)
(1.040277017 -0.02893661386 -1.993677378e-21)
(1.099598381 -0.05992259306 -2.313362316e-21)
(1.163209694 -0.05196793143 9.676142033e-22)
(1.244190007 0.07570503183 1.974624879e-21)
(1.120529177 0.1251906845 4.580316821e-21)
(1.115803938 0.217490158 9.292434151e-21)
(0.9372031901 0.2381499972 -1.25941717e-21)
(0.6172265546 -0.1357860873 2.747915264e-21)
(0.9184354506 -0.2127596904 -2.745027492e-21)
(1.109259107 0.03806760532 1.223202305e-21)
(0.9837218031 0.06829778232 -3.826848193e-21)
(0.9300041266 0.0009260758027 1.202541909e-23)
(1.160579634 -0.01512854499 5.725148255e-22)
(1.160396514 0.00894485009 4.019960159e-21)
(1.1462711 0.01470634762 1.398904547e-20)
(1.143185099 0.03857114889 -6.576962071e-21)
(1.109448925 0.03425081346 9.073362709e-22)
(1.10738636 0.03790768869 -2.130364601e-21)
(1.073383242 0.02609425183 5.491335621e-22)
(1.07072723 -0.009982382126 4.356398296e-21)
(1.103180595 -0.0249624889 2.978104357e-22)
(1.135667437 -0.01974028408 4.431207528e-22)
(1.180210563 0.07072864713 -1.64597099e-21)
(1.106708994 0.08363163021 2.104113502e-21)
(1.086857416 0.154756286 0)
(0.9448509155 0.151298064 4.961371384e-22)
(0.7736676304 -0.1281788952 -3.867173768e-21)
(1.037100675 -0.1268409994 -1.578140896e-21)
(1.126410264 0.04255873663 4.525510675e-21)
(1.006248987 0.03917846389 -1.339336876e-21)
(0.9735854058 -0.006410821119 -4.805129438e-23)
(1.127772673 -0.01701520303 -1.063568848e-21)
(1.128262864 -0.001384678777 1.563267766e-21)
(1.121043016 0.001542740564 -2.892605591e-21)
(1.120174463 0.0191366641 2.109600133e-21)
(1.101735156 0.01504271365 -9.445064477e-22)
(1.101848917 0.0239559234 6.52200284e-22)
(1.081814908 0.01491457531 -5.674526358e-21)
(1.086101976 0.002022732781 -1.263732761e-21)
(1.092657321 -0.0001397026227 2.344792997e-21)
(1.116264016 -0.003709092925 9.701884674e-24)
(1.129047001 0.05712217732 -9.763610211e-22)
(1.080366912 0.05839131906 8.306007698e-22)
(1.072831845 0.1173117185 -9.337907622e-22)
(0.9615629286 0.09142239678 -3.171917881e-22)
(0.910939937 -0.1017983666 3.194399476e-22)
(1.085897975 -0.06935132252 1.188278678e-22)
(1.100467052 0.03382387017 -2.868870683e-23)
(1.023050998 0.0150948199 3.31977046e-22)
(1.018505084 -0.0106072604 -2.419893611e-23)
(1.10126285 -0.01606948969 -3.706867813e-21)
(1.101619296 -0.006613818369 1.092054899e-21)
(1.099516154 -0.004402328147 -1.805966596e-22)
(1.099391681 0.006163159417 3.040512163e-21)
(1.090599306 0.005301808243 -2.74682825e-21)
(1.092703661 0.01182809035 1.90697529e-21)
(1.079368285 0.00865102916 2.230245872e-21)
(1.086615129 0.006059848987 -7.954297374e-22)
(1.081126786 0.008203012344 -1.499935578e-21)
(1.094235222 0.006357600318 -7.38399877e-22)
(1.09497097 0.04399377301 -5.697234984e-22)
(1.067564002 0.03757939708 -3.191138964e-22)
(1.062857938 0.06715601387 -2.5501355e-22)
(0.9801020053 0.05370951251 1.11514673e-21)
(0.9790631605 -0.05879018088 4.915911778e-22)
(1.080416334 -0.03612743363 6.763917301e-23)
(1.070918234 0.01790248542 8.012709396e-22)
(1.033136407 0.003684413299 8.71953703e-23)
(1.042020823 -0.008596174031 -1.666090809e-22)
(1.079513173 -0.01251910449 -8.473365668e-22)
(1.080346951 -0.007154578283 -8.569069277e-23)
(1.080251954 -0.005735550238 7.603064816e-22)
(1.080885251 0.0007620703246 -6.872384729e-22)
(1.077378031 0.000638396601 0)
(1.079063187 0.006136656666 2.427269212e-22)
(1.072236246 0.005414979597 1.288785401e-21)
(1.076506881 0.006567818944 1.137986416e-21)
(1.07044436 0.01042182325 -1.088825467e-21)
(1.075753211 0.008806693844 -7.299481121e-22)
(1.072323864 0.02858571588 1.182174977e-23)
(1.053910935 0.02440626024 -3.5926489e-23)
(1.050239688 0.04019421299 -5.024722378e-22)
(1.004637014 0.03071556704 -6.380111708e-22)
(1.009198471 -0.03042688052 1.255804788e-21)
(1.058347123 -0.01848265049 -1.146747125e-21)
(1.051182667 0.009253452899 7.069648486e-23)
(1.036401248 0.0002292941738 -1.262219095e-22)
(1.045408801 -0.005812800503 -2.975209616e-22)
(1.063777706 -0.007925167646 -1.931696968e-22)
(1.064854627 -0.005290998983 -4.222946539e-22)
(1.065746561 -0.00417074995 -9.991509099e-23)
(1.066590228 -0.0009549928239 -1.725499331e-22)
(1.065543887 -0.0002011631859 6.995920385e-22)
(1.066730144 0.002814476535 4.026531251e-22)
(1.063385979 0.003581052336 -3.314644247e-21)
(1.065398733 0.005080372332 -3.263686669e-22)
(1.060786507 0.007895485165 9.544211787e-22)
(1.061779714 0.007723272653 0)
(1.057528565 0.01650050152 7.117732019e-22)
(1.046456273 0.01468016105 1.139263156e-22)
(1.043582327 0.01917678568 -6.465145402e-22)
(1.0170686 0.01418183863 -5.040319208e-22)
(1.019481183 -0.01144862079 -5.503501374e-22)
(1.043063976 -0.007703370152 -3.721643478e-22)
(1.039525189 0.00266076713 -8.679928616e-23)
(1.032891156 -0.001367764058 -3.531055182e-23)
(1.040576654 -0.003346430027 -1.159983113e-23)
(1.050905046 -0.002077794938 -7.98436164e-22)
(1.051785888 -0.001492355883 -8.265568636e-23)
(1.052580444 -0.001149814445 2.318312221e-22)
(1.053183722 -0.0003869122253 -6.139337951e-23)
(1.053019633 -9.291170761e-05 -3.913894687e-22)
(1.053401029 0.0007119199831 3.769986603e-22)
(1.051785356 0.000998226509 7.498028078e-22)
(1.05186311 0.001613982702 5.420723575e-22)
(1.048797832 0.002242582998 1.266947128e-22)
(1.047273749 0.002459146074 -5.953719115e-22)
(1.043244974 0.004115887383 0)
(1.03560004 0.003580899874 1.126436075e-23)
(1.03144026 0.004726663593 0)
(1.017472292 0.003434423353 0)
(1.017876332 -0.001541073133 -5.853600266e-23)
(1.027106661 -0.0006120022607 -3.592177863e-23)
(1.02564758 0.001025160279 2.445564628e-22)
(1.023314413 -6.384258512e-05 1.248743881e-22)
(1.028949089 -0.0004019918561 -1.876032953e-23)
(1.229463886 -0.1488796982 9.151776568e-22)
(1.238425442 -0.1349071506 4.889100629e-20)
(1.257876657 -0.1245682125 -7.082017587e-21)
(1.270409415 -0.09575272968 -2.526156045e-20)
(1.296621259 -0.08134862331 4.699781054e-22)
(1.335294704 -0.0329306792 2.552689082e-20)
(1.201112985 -0.1253523209 -2.064901451e-20)
(1.21091726 -0.1145859345 1.25950114e-20)
(1.220552912 -0.1058043687 4.610526708e-20)
(1.241745958 -0.08430890254 2.293752687e-21)
(1.24591388 -0.06655042661 -3.301151803e-20)
(1.300036938 -0.02995369289 -2.330215781e-20)
(1.171668534 -0.1023397883 0)
(1.18148291 -0.0946770327 -2.578915419e-21)
(1.184956624 -0.08755532822 1.929735028e-20)
(1.208061943 -0.0719811946 1.664914381e-20)
(1.203086298 -0.05802986322 -4.817448953e-21)
(1.252489481 -0.02622443225 3.628113671e-21)
(1.144192962 -0.08196407379 1.466821177e-20)
(1.151943577 -0.07662742956 0)
(1.153702684 -0.07134389629 -9.066199724e-21)
(1.172162236 -0.06024087184 9.331435312e-22)
(1.168286744 -0.05116281333 5.012171066e-21)
(1.205082731 -0.02704229962 5.914407824e-21)
(1.120033771 -0.06346663765 -2.149115574e-20)
(1.125341392 -0.0598909218 0)
(1.127114705 -0.05619648194 6.068103946e-21)
(1.13946716 -0.04864082732 -4.605137263e-21)
(1.138429141 -0.04290223421 -1.639382787e-20)
(1.162694699 -0.02620412163 1.903305991e-21)
(1.099148203 -0.04793033025 -9.775313954e-22)
(1.102497204 -0.0456751352 9.330154674e-21)
(1.104349325 -0.04301254416 -1.632019491e-20)
(1.111815489 -0.03837657007 -4.776807848e-22)
(1.112754095 -0.03424335482 1.545182254e-20)
(1.127571075 -0.02405589735 -1.282455548e-20)
(1.08085534 -0.03473303032 9.585593633e-21)
(1.082937783 -0.0333646626 -1.308122449e-20)
(1.084681028 -0.03159910554 -1.061702043e-20)
(1.088994182 -0.02890082017 -1.521997774e-22)
(1.090970414 -0.0261419421 2.270060957e-21)
(1.099390094 -0.02032719772 1.580977661e-21)
(1.065488242 -0.02311920428 -1.935184196e-20)
(1.066823857 -0.02234678904 -5.800286852e-21)
(1.068227242 -0.02125792255 1.113955572e-20)
(1.070801063 -0.01981903466 -2.025696418e-21)
(1.072739128 -0.01804776631 -1.570012693e-21)
(1.077588684 -0.01504215109 -1.483365806e-22)
(1.053472706 -0.01358029615 -3.518434579e-20)
(1.054400176 -0.01317329922 -2.252239417e-21)
(1.055531319 -0.0125783784 -4.691024083e-21)
(1.057174631 -0.01185112985 2.308977812e-21)
(1.058935705 -0.01083502999 1.04226921e-20)
(1.06181923 -0.009391460484 -5.406837656e-21)
(1.044147872 -0.003238572002 6.728578774e-21)
(1.044774974 -0.003160037542 9.378165474e-21)
(1.045595154 -0.003024734246 -6.625548876e-21)
(1.04661337 -0.002905401542 -1.667700125e-22)
(1.047921766 -0.002657946881 -3.899805288e-24)
(1.049484668 -0.002442623385 9.732225595e-23)
(1.193003291 -0.1788672558 -1.602936743e-20)
(1.206226791 -0.1691974092 3.639817424e-20)
(1.216984483 -0.157782209 -4.10383309e-20)
(1.174080544 -0.1482262449 -8.284786833e-22)
(1.183642693 -0.1409350562 2.505631569e-20)
(1.192847813 -0.1321074696 5.284148706e-21)
(1.151549908 -0.1191681165 -5.727595956e-20)
(1.158454153 -0.1138490037 0)
(1.16644941 -0.1074828812 1.146866545e-21)
(1.129864153 -0.09437900887 1.638930795e-21)
(1.134669356 -0.09039714452 -3.042415165e-20)
(1.140696515 -0.08583616946 2.01634952e-21)
(1.109730731 -0.0722864797 1.422659973e-20)
(1.113192495 -0.06939449058 3.348769476e-20)
(1.11741449 -0.0662405086 -5.159893031e-21)
(1.091850584 -0.05397042076 1.873857037e-20)
(1.094334834 -0.05195922405 -1.565802724e-20)
(1.097154616 -0.0498705188 -2.49881165e-20)
(1.075663937 -0.03864261195 1.420560834e-20)
(1.077453977 -0.03732664731 1.634597318e-20)
(1.079343429 -0.03599957151 1.380017829e-20)
(1.061820839 -0.02546175177 -3.849218797e-20)
(1.063094972 -0.02466869317 2.01229771e-21)
(1.064379711 -0.02388210235 3.376612421e-20)
(1.050676487 -0.01485732806 6.658309342e-21)
(1.051657 -0.01442245047 1.720836569e-21)
(1.052614167 -0.01399308716 -7.266458491e-21)
(1.042075518 -0.003511560029 -7.111560186e-21)
(1.042831577 -0.003413368578 -8.342911895e-21)
(1.043490621 -0.003324145398 2.371213234e-21)
(1.0149894 -0.233858556 1.718456099e-20)
(1.07120267 -0.2298008924 1.28216191e-20)
(1.114531271 -0.2197831217 -6.559260619e-20)
(1.145274819 -0.2083973005 5.073964674e-20)
(1.165916419 -0.1974219666 2.549554291e-20)
(1.180827142 -0.1882915798 -4.279906207e-20)
(1.042559296 -0.1998504014 -4.851354506e-20)
(1.084855688 -0.1932511346 -3.22481878e-20)
(1.116735628 -0.1827171356 8.022248598e-20)
(1.138795978 -0.1723019222 5.662233536e-20)
(1.153892472 -0.1629456281 -2.165997623e-20)
(1.16468341 -0.1556395885 -5.105290884e-20)
(1.058054368 -0.1620441118 -6.610962218e-21)
(1.086526912 -0.1537320928 5.475306722e-21)
(1.108649565 -0.1445958039 -3.883049732e-20)
(1.124387379 -0.1365244229 2.16344655e-20)
(1.135881983 -0.1297027543 9.413786169e-20)
(1.143963571 -0.1244484697 -1.071663354e-20)
(1.06453706 -0.1271990803 -2.012259897e-21)
(1.083493157 -0.119829729 -2.802342152e-20)
(1.098819206 -0.1128677147 -6.430425568e-23)
(1.110045071 -0.1069447163 -6.776993737e-21)
(1.118494457 -0.10203079 8.086913377e-21)
(1.124314356 -0.09818672946 3.093375911e-20)
(1.065417796 -0.0967673226 -1.169223046e-20)
(1.077876221 -0.09085579983 8.432332807e-21)
(1.088138894 -0.08569916618 1.385241806e-20)
(1.095850268 -0.08134404831 -5.52618232e-21)
(1.101721365 -0.0777953123 -1.784462073e-20)
(1.105822168 -0.07498962077 -9.412067653e-21)
(1.062396006 -0.07136559271 8.446305616e-21)
(1.070421589 -0.06693186111 -2.488409333e-20)
(1.077129386 -0.0632355345 -2.363826452e-20)
(1.082320099 -0.06016858916 3.360993245e-20)
(1.086316774 -0.0577276551 2.397917693e-20)
(1.08917485 -0.05579377307 1.695189764e-20)
(1.05616286 -0.05028460744 -5.362385201e-21)
(1.061383972 -0.04718418719 1.378036737e-20)
(1.065751236 -0.04468748347 -2.162700093e-21)
(1.06920397 -0.04265910021 -1.748281824e-20)
(1.071880381 -0.04107146133 -2.382511661e-20)
(1.073843415 -0.03981566972 -1.529771477e-20)
(1.048204279 -0.03254495022 0)
(1.051844082 -0.0306100288 0)
(1.054881458 -0.02907989419 1.676896264e-20)
(1.057304695 -0.02785354729 -2.347151766e-20)
(1.059173863 -0.02690555119 -8.233909861e-21)
(1.060558297 -0.02615648765 2.072229132e-20)
(1.04069473 -0.01866018977 -3.117342862e-23)
(1.043431275 -0.0176343697 7.191767077e-21)
(1.045643114 -0.01681540317 -3.948036744e-21)
(1.04739359 -0.01615623121 1.381119238e-20)
(1.048734737 -0.01564275667 -1.227789286e-20)
(1.049745709 -0.01523723344 1.465377516e-20)
(1.034503382 -0.004480493662 -9.454253858e-22)
(1.036723498 -0.004191775988 -3.694676404e-21)
(1.038378841 -0.003977613212 -4.617465857e-21)
(1.039707945 -0.003815545458 -1.418743437e-20)
(1.040651896 -0.003694260306 1.361106327e-20)
(1.041431369 -0.003600825587 2.435792271e-20)
(0.9957875303 -0.01774410123 1.649583216e-21)
(0.9910239768 -0.004135429798 3.156045437e-22)
(0.9757231421 -0.05463480082 2.620009914e-22)
(0.9708200241 -0.0501043652 -6.039462047e-21)
(0.956666445 -0.1242711842 0)
(0.9700864545 -0.1392789347 1.612598357e-20)
(0.9677937437 -0.2197624739 2.784791622e-20)
(0.9827876188 -0.01922338269 -1.057756945e-21)
(1.00998577 -0.004782883749 -2.960832288e-21)
(0.9702357059 -0.05838297929 1.249990269e-20)
(0.9968450463 -0.05406753743 -1.688887118e-20)
(0.9694347766 -0.1228274474 9.904420102e-22)
(1.004564708 -0.1313830178 1.364252847e-20)
(1.000349657 -0.1964817162 1.969328425e-21)
(0.9783595207 -0.0204892979 -2.549230414e-21)
(1.015214337 -0.004604364083 -3.250814556e-21)
(0.9773413335 -0.06230972116 -3.434778206e-22)
(1.006430181 -0.0536157198 -3.862502894e-21)
(0.9916448712 -0.1172644355 3.985038641e-21)
(1.022668463 -0.1164683164 1.878676587e-21)
(1.028046595 -0.1663154448 -1.563536602e-20)
(0.985465213 -0.02193435953 -2.377427344e-21)
(1.010240912 -0.004747293936 2.113860526e-21)
(0.9906562358 -0.06276591112 -1.518260177e-22)
(1.010636676 -0.0522139745 4.438088582e-21)
(1.010572706 -0.1041644873 1.134875945e-21)
(1.033074007 -0.1001368337 3.299604824e-21)
(1.044443215 -0.133553696 9.563033634e-21)
(0.9939961408 -0.02207996825 5.047485864e-21)
(1.006933002 -0.006640697499 -1.752059371e-21)
(1.002050244 -0.05731816899 -6.863326013e-22)
(1.015768399 -0.04981628728 6.459116423e-22)
(1.024059779 -0.08583843307 3.821024701e-21)
(1.039883093 -0.08270365195 -5.676991232e-21)
(1.052197005 -0.102709382 7.044640698e-21)
(0.9987351877 -0.01960770237 -6.607325113e-22)
(1.006656649 -0.00974887864 2.130743362e-21)
(1.010164234 -0.04712559144 1.434013587e-22)
(1.020772947 -0.04533556508 2.350894861e-21)
(1.032138018 -0.06728650765 1.022070584e-21)
(1.043215066 -0.06517961548 -3.796169131e-22)
(1.053922562 -0.07611888067 5.288142251e-22)
(1.000196831 -0.01597316614 1.810798074e-21)
(1.007038336 -0.01155540614 2.413947493e-21)
(1.015117461 -0.03608953978 -9.268525909e-22)
(1.023676999 -0.03739044956 9.241982656e-23)
(1.034422055 -0.04977221768 8.439469643e-22)
(1.042201052 -0.04816785599 4.893658147e-21)
(1.050668244 -0.05372580124 -1.525182718e-21)
(0.9999537787 -0.01141230863 0)
(1.007305081 -0.01115661037 -1.788399738e-21)
(1.016787058 -0.0251758529 -2.492608435e-22)
(1.023957156 -0.02669914718 4.250645217e-21)
(1.032600033 -0.03309499214 -9.157038814e-22)
(1.03825732 -0.03209322303 -4.430618854e-21)
(1.044406414 -0.03466648801 1.902715775e-24)
(0.9993847232 -0.006860351315 -1.286610333e-22)
(1.006584342 -0.008681446738 1.001874879e-21)
(1.015612361 -0.01538756763 1.616281726e-21)
(1.022265865 -0.01630256241 -1.738247087e-21)
(1.028959195 -0.01920256575 -2.024781996e-21)
(1.033459755 -0.01870274987 -1.404894433e-23)
(1.037764952 -0.01975147309 0)
(0.9991575505 -0.001757324846 1.064399753e-22)
(1.005949542 -0.002285801058 -7.956771884e-23)
(1.01377879 -0.003956050891 -5.137892257e-22)
(1.019913993 -0.00399714987 -4.089035104e-23)
(1.025256819 -0.004725749865 -2.313104005e-21)
(1.028970823 -0.004517238681 1.259169747e-21)
(1.032093714 -0.004816109679 6.187239275e-21)
(1.001856803 -0.003896398733 2.355785128e-22)
(0.9807228469 -0.003391898836 -2.752372087e-21)
(0.9693917881 -0.009033411429 5.645868624e-22)
(0.941520037 -0.00878614532 5.311817641e-21)
(0.9092529937 -0.01854092979 8.886606894e-22)
(0.8655787115 -0.02400443104 2.059400727e-21)
(0.8190879593 -0.04132610292 9.344323123e-21)
(1.005067524 -0.007623540533 -3.523329524e-22)
(0.9774442587 -0.00334343892 5.886041792e-21)
(0.9724506819 -0.02063254488 -3.608137068e-21)
(0.9407427973 -0.02037171808 -1.986228585e-21)
(0.9166504608 -0.04700611604 5.032198685e-21)
(0.8743831627 -0.0625887935 1.433735666e-21)
(0.8412172476 -0.1088930673 1.326454457e-20)
(1.007956118 -0.01158942834 -3.830314249e-21)
(0.9741001971 -0.003181401594 2.520143025e-21)
(0.9768655824 -0.03243362186 1.138884964e-21)
(0.9414106777 -0.03150998089 -1.741747301e-21)
(0.9294993718 -0.07258259151 -5.858713645e-21)
(0.8929407379 -0.09425201129 -1.461985711e-21)
(0.8821769846 -0.1598442927 -1.88161301e-20)
(1.005986463 -0.01453984295 1.66305103e-21)
(0.9754155054 -0.004898055112 -6.475926131e-21)
(0.9809045435 -0.04395673303 -9.046364468e-21)
(0.9411336815 -0.04698465342 3.588627975e-21)
(0.9454326488 -0.1048317572 7.498302184e-21)
(0.9041586612 -0.1390150908 7.697816514e-21)
(0.9365844243 -0.212838032 2.058338729e-20)
)
;

boundaryField
{
    cylinder
    {
        type            fixedValue;
        value           uniform (0 0 0);
    }
    jet
    {
        type            fixedValue;
        value           uniform (0 0 0);
    }
    inlet
    {
        type            fixedValue;
        value           uniform (1 0 0);
    }
    outlet
    {
        type            inletOutlet;
        inletValue      uniform (0 0 0);
        value           nonuniform List<vector> 
28
(
(0.9276374073 0.03063674693 1.313577095e-21)
(0.9232264126 0.03147656772 1.454495948e-22)
(0.9178952169 0.03152623855 -1.965244459e-22)
(0.9127661327 0.03106649493 0)
(0.9133008177 0.02861379035 -1.172254898e-21)
(0.9187778438 0.02519266954 -3.995475417e-22)
(0.9357938272 0.01907365209 1.025907635e-21)
(0.9711480546 0.01063998851 2.352062829e-23)
(1.018860821 0.002703817418 -2.934509056e-23)
(1.049147218 0.0001626580329 -3.120999608e-24)
(1.055758371 0.0005983921154 -4.320768243e-22)
(1.050245182 0.0009464821913 6.616596564e-23)
(1.042704213 0.0009214372995 2.02805766e-22)
(1.029670126 -0.0001112494623 2.462863568e-23)
(0.9283296132 0.02916628484 1.038809375e-21)
(0.9253400116 0.02747113358 -2.066537121e-22)
(0.9194982001 0.02545134318 5.284677305e-22)
(0.9130758052 0.02276066816 0)
(0.9095695442 0.02001642852 -1.987756303e-21)
(0.9073707391 0.01525772551 -7.870611969e-22)
(0.9111221095 0.009393519668 1.786085254e-21)
(0.9300041266 0.0009260758027 1.202541909e-23)
(0.9735854058 -0.006410821119 -4.805129438e-23)
(1.018505084 -0.0106072604 -2.419893611e-23)
(1.042020823 -0.008596174031 -1.666090809e-22)
(1.045408801 -0.005812800503 -2.975209616e-22)
(1.040576654 -0.003346430027 -1.159983113e-23)
(1.028949089 -0.0004019918561 -1.876032953e-23)
)
;
    }
    topAndBottom
    {
        type            fixedValue;
        value           uniform (1 0 0);
    }
    frontAndBack
    {
        type            empty;
    }
}


// ************************************************************************* //
